030302C XXXX 36.57 70.42 228.5 67.975 -122.553 0.0
030302C XXXX 36.57 70.42 228.5 66.991 -122.075 0.0
030302C XXXX 36.57 70.42 228.5 66.007 -121.635 0.0
030302C XXXX 36.57 70.42 228.5 65.021 -121.227 0.0
030302C XXXX 36.57 70.42 228.5 64.035 -120.848 0.0
030302C XXXX 36.57 70.42 228.5 63.047 -120.496 0.0
030302C XXXX 36.57 70.42 228.5 62.059 -120.166 0.0
030302C XXXX 36.57 70.42 228.5 61.069 -119.857 0.0
030302C XXXX 36.57 70.42 228.5 60.080 -119.567 0.0
030302C XXXX 36.57 70.42 228.5 59.089 -119.294 0.0
030302C XXXX 36.57 70.42 228.5 58.098 -119.036 0.0
030302C XXXX 36.57 70.42 228.5 57.107 -118.792 0.0
030302C XXXX 36.57 70.42 228.5 56.115 -118.561 0.0
030302C XXXX 36.57 70.42 228.5 55.123 -118.342 0.0
030302C XXXX 36.57 70.42 228.5 54.130 -118.133 0.0
030302C XXXX 36.57 70.42 228.5 53.137 -117.934 0.0
030302C XXXX 36.57 70.42 228.5 52.144 -117.744 0.0
030302C XXXX 36.57 70.42 228.5 51.150 -117.562 0.0
030302C XXXX 36.57 70.42 228.5 50.156 -117.388 0.0
030302C XXXX 36.57 70.42 228.5 49.162 -117.221 0.0
030302C XXXX 36.57 70.42 228.5 48.168 -117.060 0.0
030302C XXXX 36.57 70.42 228.5 47.173 -116.906 0.0
030302C XXXX 36.57 70.42 228.5 46.178 -116.757 0.0
030302C XXXX 36.57 70.42 228.5 45.183 -116.614 0.0
030302C XXXX 36.57 70.42 228.5 44.188 -116.475 0.0
030302C XXXX 36.57 70.42 228.5 43.193 -116.341 0.0
030302C XXXX 36.57 70.42 228.5 42.198 -116.212 0.0
030302C XXXX 36.57 70.42 228.5 41.202 -116.086 0.0
030302C XXXX 36.57 70.42 228.5 40.206 -115.964 0.0
030302C XXXX 36.57 70.42 228.5 39.210 -115.846 0.0
030302C XXXX 36.57 70.42 228.5 38.214 -115.731 0.0
030302C XXXX 36.57 70.42 228.5 37.218 -115.619 0.0
030302C XXXX 36.57 70.42 228.5 36.222 -115.510 0.0
030302C XXXX 36.57 70.42 228.5 35.226 -115.404 0.0
030302C XXXX 36.57 70.42 228.5 34.230 -115.300 0.0
030302C XXXX 36.57 70.42 228.5 33.233 -115.199 0.0
030302C XXXX 36.57 70.42 228.5 32.237 -115.100 0.0
030302C XXXX 36.57 70.42 228.5 31.240 -115.003 0.0
030302C XXXX 36.57 70.42 228.5 30.243 -114.909 0.0
030302C XXXX 36.57 70.42 228.5 29.246 -114.816 0.0
030302C XXXX 36.57 70.42 228.5 28.250 -114.725 0.0
030302C XXXX 36.57 70.42 228.5 27.253 -114.635 0.0
030302C XXXX 36.57 70.42 228.5 26.256 -114.547 0.0
030302C XXXX 36.57 70.42 228.5 25.259 -114.461 0.0
030302C XXXX 36.57 70.42 228.5 24.262 -114.376 0.0
030302C XXXX 36.57 70.42 228.5 23.265 -114.293 0.0
030302C XXXX 36.57 70.42 228.5 22.268 -114.210 0.0
030302C XXXX 36.57 70.42 228.5 59.013 -162.038 0.0
030302C XXXX 36.57 70.42 228.5 58.255 -160.784 0.0
030302C XXXX 36.57 70.42 228.5 57.485 -159.584 0.0
030302C XXXX 36.57 70.42 228.5 56.705 -158.434 0.0
030302C XXXX 36.57 70.42 228.5 55.914 -157.331 0.0
030302C XXXX 36.57 70.42 228.5 55.113 -156.272 0.0
030302C XXXX 36.57 70.42 228.5 54.304 -155.255 0.0
030302C XXXX 36.57 70.42 228.5 53.487 -154.277 0.0
030302C XXXX 36.57 70.42 228.5 52.662 -153.337 0.0
030302C XXXX 36.57 70.42 228.5 51.829 -152.431 0.0
030302C XXXX 36.57 70.42 228.5 50.990 -151.559 0.0
030302C XXXX 36.57 70.42 228.5 50.145 -150.717 0.0
030302C XXXX 36.57 70.42 228.5 49.294 -149.905 0.0
030302C XXXX 36.57 70.42 228.5 48.437 -149.121 0.0
030302C XXXX 36.57 70.42 228.5 47.576 -148.362 0.0
030302C XXXX 36.57 70.42 228.5 46.709 -147.629 0.0
030302C XXXX 36.57 70.42 228.5 45.838 -146.918 0.0
030302C XXXX 36.57 70.42 228.5 44.963 -146.230 0.0
030302C XXXX 36.57 70.42 228.5 44.083 -145.562 0.0
030302C XXXX 36.57 70.42 228.5 43.200 -144.914 0.0
030302C XXXX 36.57 70.42 228.5 42.313 -144.284 0.0
030302C XXXX 36.57 70.42 228.5 41.423 -143.672 0.0
030302C XXXX 36.57 70.42 228.5 40.530 -143.076 0.0
030302C XXXX 36.57 70.42 228.5 39.634 -142.497 0.0
030302C XXXX 36.57 70.42 228.5 38.735 -141.932 0.0
030302C XXXX 36.57 70.42 228.5 37.833 -141.381 0.0
030302C XXXX 36.57 70.42 228.5 36.929 -140.843 0.0
030302C XXXX 36.57 70.42 228.5 36.022 -140.318 0.0
030302C XXXX 36.57 70.42 228.5 35.114 -139.805 0.0
030302C XXXX 36.57 70.42 228.5 34.203 -139.303 0.0
030302C XXXX 36.57 70.42 228.5 33.290 -138.813 0.0
030302C XXXX 36.57 70.42 228.5 32.375 -138.332 0.0
030302C XXXX 36.57 70.42 228.5 31.459 -137.861 0.0
030302C XXXX 36.57 70.42 228.5 30.540 -137.399 0.0
030302C XXXX 36.57 70.42 228.5 29.620 -136.945 0.0
030302C XXXX 36.57 70.42 228.5 28.699 -136.500 0.0
030302C XXXX 36.57 70.42 228.5 27.776 -136.063 0.0
030302C XXXX 36.57 70.42 228.5 26.852 -135.633 0.0
030302C XXXX 36.57 70.42 228.5 25.927 -135.210 0.0
030302C XXXX 36.57 70.42 228.5 25.000 -134.794 0.0
030302C XXXX 36.57 70.42 228.5 24.072 -134.383 0.0
030302C XXXX 36.57 70.42 228.5 23.143 -133.979 0.0
030302C XXXX 36.57 70.42 228.5 22.213 -133.580 0.0
030302C XXXX 36.57 70.42 228.5 21.283 -133.187 0.0
030302C XXXX 36.57 70.42 228.5 20.351 -132.798 0.0
030302C XXXX 36.57 70.42 228.5 19.418 -132.415 0.0
030302C XXXX 36.57 70.42 228.5 18.485 -132.035 0.0
030302C XXXX 36.57 70.42 228.5 44.648 176.670 0.0
030302C XXXX 36.57 70.42 228.5 44.041 177.780 0.0
030302C XXXX 36.57 70.42 228.5 43.422 178.868 0.0
030302C XXXX 36.57 70.42 228.5 42.794 179.933 0.0
030302C XXXX 36.57 70.42 228.5 42.156 -179.023 0.0
030302C XXXX 36.57 70.42 228.5 41.508 -178.000 0.0
030302C XXXX 36.57 70.42 228.5 40.852 -176.997 0.0
030302C XXXX 36.57 70.42 228.5 40.188 -176.014 0.0
030302C XXXX 36.57 70.42 228.5 39.515 -175.051 0.0
030302C XXXX 36.57 70.42 228.5 38.834 -174.106 0.0
030302C XXXX 36.57 70.42 228.5 38.146 -173.179 0.0
030302C XXXX 36.57 70.42 228.5 37.451 -172.269 0.0
030302C XXXX 36.57 70.42 228.5 36.748 -171.376 0.0
030302C XXXX 36.57 70.42 228.5 36.040 -170.500 0.0
030302C XXXX 36.57 70.42 228.5 35.325 -169.639 0.0
030302C XXXX 36.57 70.42 228.5 34.604 -168.793 0.0
030302C XXXX 36.57 70.42 228.5 33.877 -167.962 0.0
030302C XXXX 36.57 70.42 228.5 33.145 -167.145 0.0
030302C XXXX 36.57 70.42 228.5 32.408 -166.342 0.0
030302C XXXX 36.57 70.42 228.5 31.665 -165.552 0.0
030302C XXXX 36.57 70.42 228.5 30.918 -164.774 0.0
030302C XXXX 36.57 70.42 228.5 30.166 -164.008 0.0
030302C XXXX 36.57 70.42 228.5 29.410 -163.254 0.0
030302C XXXX 36.57 70.42 228.5 28.650 -162.511 0.0
030302C XXXX 36.57 70.42 228.5 27.885 -161.779 0.0
030302C XXXX 36.57 70.42 228.5 27.117 -161.058 0.0
030302C XXXX 36.57 70.42 228.5 26.345 -160.346 0.0
030302C XXXX 36.57 70.42 228.5 25.570 -159.643 0.0
030302C XXXX 36.57 70.42 228.5 24.791 -158.950 0.0
030302C XXXX 36.57 70.42 228.5 24.010 -158.265 0.0
030302C XXXX 36.57 70.42 228.5 23.225 -157.588 0.0
030302C XXXX 36.57 70.42 228.5 22.437 -156.920 0.0
030302C XXXX 36.57 70.42 228.5 21.647 -156.259 0.0
030302C XXXX 36.57 70.42 228.5 20.854 -155.605 0.0
030302C XXXX 36.57 70.42 228.5 20.059 -154.958 0.0
030302C XXXX 36.57 70.42 228.5 19.261 -154.318 0.0
030302C XXXX 36.57 70.42 228.5 18.461 -153.683 0.0
030302C XXXX 36.57 70.42 228.5 17.659 -153.055 0.0
030302C XXXX 36.57 70.42 228.5 16.855 -152.432 0.0
030302C XXXX 36.57 70.42 228.5 16.049 -151.815 0.0
030302C XXXX 36.57 70.42 228.5 15.242 -151.203 0.0
030302C XXXX 36.57 70.42 228.5 14.433 -150.595 0.0
030302C XXXX 36.57 70.42 228.5 13.622 -149.991 0.0
030302C XXXX 36.57 70.42 228.5 12.810 -149.392 0.0
030302C XXXX 36.57 70.42 228.5 11.996 -148.797 0.0
030302C XXXX 36.57 70.42 228.5 11.181 -148.205 0.0
030302C XXXX 36.57 70.42 228.5 10.365 -147.617 0.0
030302C XXXX 36.57 70.42 228.5 28.820 162.733 0.0
030302C XXXX 36.57 70.42 228.5 28.260 163.676 0.0
030302C XXXX 36.57 70.42 228.5 27.694 164.609 0.0
030302C XXXX 36.57 70.42 228.5 27.121 165.533 0.0
030302C XXXX 36.57 70.42 228.5 26.543 166.447 0.0
030302C XXXX 36.57 70.42 228.5 25.959 167.352 0.0
030302C XXXX 36.57 70.42 228.5 25.369 168.248 0.0
030302C XXXX 36.57 70.42 228.5 24.774 169.135 0.0
030302C XXXX 36.57 70.42 228.5 24.173 170.014 0.0
030302C XXXX 36.57 70.42 228.5 23.568 170.884 0.0
030302C XXXX 36.57 70.42 228.5 22.958 171.746 0.0
030302C XXXX 36.57 70.42 228.5 22.343 172.601 0.0
030302C XXXX 36.57 70.42 228.5 21.724 173.448 0.0
030302C XXXX 36.57 70.42 228.5 21.100 174.288 0.0
030302C XXXX 36.57 70.42 228.5 20.473 175.121 0.0
030302C XXXX 36.57 70.42 228.5 19.841 175.947 0.0
030302C XXXX 36.57 70.42 228.5 19.206 176.766 0.0
030302C XXXX 36.57 70.42 228.5 18.567 177.579 0.0
030302C XXXX 36.57 70.42 228.5 17.925 178.386 0.0
030302C XXXX 36.57 70.42 228.5 17.279 179.187 0.0
030302C XXXX 36.57 70.42 228.5 16.630 179.983 0.0
030302C XXXX 36.57 70.42 228.5 15.979 -179.227 0.0
030302C XXXX 36.57 70.42 228.5 15.324 -178.442 0.0
030302C XXXX 36.57 70.42 228.5 14.667 -177.662 0.0
030302C XXXX 36.57 70.42 228.5 14.007 -176.886 0.0
030302C XXXX 36.57 70.42 228.5 13.344 -176.115 0.0
030302C XXXX 36.57 70.42 228.5 12.679 -175.348 0.0
030302C XXXX 36.57 70.42 228.5 12.013 -174.586 0.0
030302C XXXX 36.57 70.42 228.5 11.344 -173.827 0.0
030302C XXXX 36.57 70.42 228.5 10.673 -173.071 0.0
030302C XXXX 36.57 70.42 228.5 10.000 -172.319 0.0
030302C XXXX 36.57 70.42 228.5 9.325 -171.570 0.0
030302C XXXX 36.57 70.42 228.5 8.650 -170.824 0.0
030302C XXXX 36.57 70.42 228.5 7.972 -170.081 0.0
030302C XXXX 36.57 70.42 228.5 7.293 -169.340 0.0
030302C XXXX 36.57 70.42 228.5 6.613 -168.601 0.0
030302C XXXX 36.57 70.42 228.5 5.932 -167.864 0.0
030302C XXXX 36.57 70.42 228.5 5.250 -167.129 0.0
030302C XXXX 36.57 70.42 228.5 4.568 -166.396 0.0
030302C XXXX 36.57 70.42 228.5 3.884 -165.664 0.0
030302C XXXX 36.57 70.42 228.5 3.200 -164.934 0.0
030302C XXXX 36.57 70.42 228.5 2.515 -164.204 0.0
030302C XXXX 36.57 70.42 228.5 1.830 -163.475 0.0
030302C XXXX 36.57 70.42 228.5 1.145 -162.747 0.0
030302C XXXX 36.57 70.42 228.5 0.459 -162.019 0.0
030302C XXXX 36.57 70.42 228.5 -0.227 -161.291 0.0
030302C XXXX 36.57 70.42 228.5 -0.912 -160.563 0.0
030302C XXXX 36.57 70.42 228.5 12.816 151.112 0.0
030302C XXXX 36.57 70.42 228.5 12.243 151.952 0.0
030302C XXXX 36.57 70.42 228.5 11.667 152.788 0.0
030302C XXXX 36.57 70.42 228.5 11.090 153.620 0.0
030302C XXXX 36.57 70.42 228.5 10.509 154.450 0.0
030302C XXXX 36.57 70.42 228.5 9.927 155.276 0.0
030302C XXXX 36.57 70.42 228.5 9.343 156.099 0.0
030302C XXXX 36.57 70.42 228.5 8.757 156.919 0.0
030302C XXXX 36.57 70.42 228.5 8.169 157.737 0.0
030302C XXXX 36.57 70.42 228.5 7.579 158.552 0.0
030302C XXXX 36.57 70.42 228.5 6.988 159.365 0.0
030302C XXXX 36.57 70.42 228.5 6.395 160.177 0.0
030302C XXXX 36.57 70.42 228.5 5.802 160.986 0.0
030302C XXXX 36.57 70.42 228.5 5.207 161.793 0.0
030302C XXXX 36.57 70.42 228.5 4.611 162.599 0.0
030302C XXXX 36.57 70.42 228.5 4.014 163.404 0.0
030302C XXXX 36.57 70.42 228.5 3.416 164.207 0.0
030302C XXXX 36.57 70.42 228.5 2.818 165.010 0.0
030302C XXXX 36.57 70.42 228.5 2.219 165.811 0.0
030302C XXXX 36.57 70.42 228.5 1.620 166.612 0.0
030302C XXXX 36.57 70.42 228.5 1.020 167.413 0.0
030302C XXXX 36.57 70.42 228.5 0.420 168.213 0.0
030302C XXXX 36.57 70.42 228.5 -0.180 169.013 0.0
030302C XXXX 36.57 70.42 228.5 -0.779 169.813 0.0
030302C XXXX 36.57 70.42 228.5 -1.379 170.614 0.0
030302C XXXX 36.57 70.42 228.5 -1.979 171.414 0.0
030302C XXXX 36.57 70.42 228.5 -2.578 172.216 0.0
030302C XXXX 36.57 70.42 228.5 -3.176 173.018 0.0
030302C XXXX 36.57 70.42 228.5 -3.774 173.821 0.0
030302C XXXX 36.57 70.42 228.5 -4.371 174.625 0.0
030302C XXXX 36.57 70.42 228.5 -4.968 175.431 0.0
030302C XXXX 36.57 70.42 228.5 -5.563 176.237 0.0
030302C XXXX 36.57 70.42 228.5 -6.157 177.046 0.0
030302C XXXX 36.57 70.42 228.5 -6.750 177.856 0.0
030302C XXXX 36.57 70.42 228.5 -7.342 178.669 0.0
030302C XXXX 36.57 70.42 228.5 -7.932 179.483 0.0
030302C XXXX 36.57 70.42 228.5 -8.521 -179.700 0.0
030302C XXXX 36.57 70.42 228.5 -9.108 -178.881 0.0
030302C XXXX 36.57 70.42 228.5 -9.693 -178.059 0.0
030302C XXXX 36.57 70.42 228.5 -10.276 -177.234 0.0
030302C XXXX 36.57 70.42 228.5 -10.857 -176.406 0.0
030302C XXXX 36.57 70.42 228.5 -11.436 -175.575 0.0
030302C XXXX 36.57 70.42 228.5 -12.012 -174.740 0.0
030302C XXXX 36.57 70.42 228.5 -12.586 -173.902 0.0
030302C XXXX 36.57 70.42 228.5 -13.158 -173.060 0.0
030302C XXXX 36.57 70.42 228.5 -13.726 -172.215 0.0
030302C XXXX 36.57 70.42 228.5 -14.292 -171.365 0.0
030302C XXXX 36.57 70.42 228.5 -2.670 139.491 0.0
030302C XXXX 36.57 70.42 228.5 -3.299 140.269 0.0
030302C XXXX 36.57 70.42 228.5 -3.928 141.048 0.0
030302C XXXX 36.57 70.42 228.5 -4.557 141.828 0.0
030302C XXXX 36.57 70.42 228.5 -5.184 142.610 0.0
030302C XXXX 36.57 70.42 228.5 -5.811 143.393 0.0
030302C XXXX 36.57 70.42 228.5 -6.436 144.177 0.0
030302C XXXX 36.57 70.42 228.5 -7.061 144.964 0.0
030302C XXXX 36.57 70.42 228.5 -7.684 145.753 0.0
030302C XXXX 36.57 70.42 228.5 -8.305 146.544 0.0
030302C XXXX 36.57 70.42 228.5 -8.925 147.337 0.0
030302C XXXX 36.57 70.42 228.5 -9.544 148.134 0.0
030302C XXXX 36.57 70.42 228.5 -10.160 148.933 0.0
030302C XXXX 36.57 70.42 228.5 -10.775 149.735 0.0
030302C XXXX 36.57 70.42 228.5 -11.387 150.541 0.0
030302C XXXX 36.57 70.42 228.5 -11.997 151.350 0.0
030302C XXXX 36.57 70.42 228.5 -12.605 152.162 0.0
030302C XXXX 36.57 70.42 228.5 -13.211 152.979 0.0
030302C XXXX 36.57 70.42 228.5 -13.814 153.799 0.0
030302C XXXX 36.57 70.42 228.5 -14.414 154.624 0.0
030302C XXXX 36.57 70.42 228.5 -15.011 155.453 0.0
030302C XXXX 36.57 70.42 228.5 -15.605 156.287 0.0
030302C XXXX 36.57 70.42 228.5 -16.196 157.126 0.0
030302C XXXX 36.57 70.42 228.5 -16.784 157.970 0.0
030302C XXXX 36.57 70.42 228.5 -17.368 158.819 0.0
030302C XXXX 36.57 70.42 228.5 -17.949 159.673 0.0
030302C XXXX 36.57 70.42 228.5 -18.526 160.533 0.0
030302C XXXX 36.57 70.42 228.5 -19.099 161.399 0.0
030302C XXXX 36.57 70.42 228.5 -19.668 162.271 0.0
030302C XXXX 36.57 70.42 228.5 -20.232 163.149 0.0
030302C XXXX 36.57 70.42 228.5 -20.793 164.033 0.0
030302C XXXX 36.57 70.42 228.5 -21.348 164.924 0.0
030302C XXXX 36.57 70.42 228.5 -21.899 165.822 0.0
030302C XXXX 36.57 70.42 228.5 -22.446 166.726 0.0
030302C XXXX 36.57 70.42 228.5 -22.987 167.638 0.0
030302C XXXX 36.57 70.42 228.5 -23.522 168.557 0.0
030302C XXXX 36.57 70.42 228.5 -24.053 169.484 0.0
030302C XXXX 36.57 70.42 228.5 -24.577 170.418 0.0
030302C XXXX 36.57 70.42 228.5 -25.096 171.360 0.0
030302C XXXX 36.57 70.42 228.5 -25.609 172.310 0.0
030302C XXXX 36.57 70.42 228.5 -26.116 173.268 0.0
030302C XXXX 36.57 70.42 228.5 -26.616 174.234 0.0
030302C XXXX 36.57 70.42 228.5 -27.110 175.209 0.0
030302C XXXX 36.57 70.42 228.5 -27.597 176.192 0.0
030302C XXXX 36.57 70.42 228.5 -28.077 177.184 0.0
030302C XXXX 36.57 70.42 228.5 -28.550 178.185 0.0
030302C XXXX 36.57 70.42 228.5 -29.015 179.195 0.0
030302C XXXX 36.57 70.42 228.5 -16.903 126.208 0.0
030302C XXXX 36.57 70.42 228.5 -17.628 126.930 0.0
030302C XXXX 36.57 70.42 228.5 -18.350 127.657 0.0
030302C XXXX 36.57 70.42 228.5 -19.070 128.390 0.0
030302C XXXX 36.57 70.42 228.5 -19.786 129.130 0.0
030302C XXXX 36.57 70.42 228.5 -20.499 129.877 0.0
030302C XXXX 36.57 70.42 228.5 -21.210 130.630 0.0
030302C XXXX 36.57 70.42 228.5 -21.916 131.391 0.0
030302C XXXX 36.57 70.42 228.5 -22.620 132.159 0.0
030302C XXXX 36.57 70.42 228.5 -23.319 132.935 0.0
030302C XXXX 36.57 70.42 228.5 -24.015 133.719 0.0
030302C XXXX 36.57 70.42 228.5 -24.707 134.512 0.0
030302C XXXX 36.57 70.42 228.5 -25.394 135.314 0.0
030302C XXXX 36.57 70.42 228.5 -26.077 136.124 0.0
030302C XXXX 36.57 70.42 228.5 -26.756 136.945 0.0
030302C XXXX 36.57 70.42 228.5 -27.429 137.775 0.0
030302C XXXX 36.57 70.42 228.5 -28.098 138.615 0.0
030302C XXXX 36.57 70.42 228.5 -28.762 139.466 0.0
030302C XXXX 36.57 70.42 228.5 -29.420 140.327 0.0
030302C XXXX 36.57 70.42 228.5 -30.072 141.200 0.0
030302C XXXX 36.57 70.42 228.5 -30.719 142.084 0.0
030302C XXXX 36.57 70.42 228.5 -31.360 142.980 0.0
030302C XXXX 36.57 70.42 228.5 -31.994 143.889 0.0
030302C XXXX 36.57 70.42 228.5 -32.622 144.810 0.0
030302C XXXX 36.57 70.42 228.5 -33.243 145.744 0.0
030302C XXXX 36.57 70.42 228.5 -33.857 146.691 0.0
030302C XXXX 36.57 70.42 228.5 -34.463 147.652 0.0
030302C XXXX 36.57 70.42 228.5 -35.062 148.627 0.0
030302C XXXX 36.57 70.42 228.5 -35.653 149.616 0.0
030302C XXXX 36.57 70.42 228.5 -36.236 150.620 0.0
030302C XXXX 36.57 70.42 228.5 -36.810 151.638 0.0
030302C XXXX 36.57 70.42 228.5 -37.376 152.672 0.0
030302C XXXX 36.57 70.42 228.5 -37.932 153.722 0.0
030302C XXXX 36.57 70.42 228.5 -38.479 154.788 0.0
030302C XXXX 36.57 70.42 228.5 -39.016 155.869 0.0
030302C XXXX 36.57 70.42 228.5 -39.543 156.967 0.0
030302C XXXX 36.57 70.42 228.5 -40.059 158.082 0.0
030302C XXXX 36.57 70.42 228.5 -40.565 159.213 0.0
030302C XXXX 36.57 70.42 228.5 -41.059 160.362 0.0
030302C XXXX 36.57 70.42 228.5 -41.542 161.528 0.0
030302C XXXX 36.57 70.42 228.5 -42.013 162.711 0.0
030302C XXXX 36.57 70.42 228.5 -42.471 163.911 0.0
030302C XXXX 36.57 70.42 228.5 -42.917 165.129 0.0
030302C XXXX 36.57 70.42 228.5 -43.350 166.364 0.0
030302C XXXX 36.57 70.42 228.5 -43.769 167.617 0.0
030302C XXXX 36.57 70.42 228.5 -44.174 168.887 0.0
030302C XXXX 36.57 70.42 228.5 -44.565 170.175 0.0
030302C XXXX 36.57 70.42 228.5 -28.768 109.621 0.0
030302C XXXX 36.57 70.42 228.5 -29.617 110.225 0.0
030302C XXXX 36.57 70.42 228.5 -30.464 110.840 0.0
030302C XXXX 36.57 70.42 228.5 -31.308 111.466 0.0
030302C XXXX 36.57 70.42 228.5 -32.148 112.102 0.0
030302C XXXX 36.57 70.42 228.5 -32.986 112.751 0.0
030302C XXXX 36.57 70.42 228.5 -33.820 113.412 0.0
030302C XXXX 36.57 70.42 228.5 -34.650 114.086 0.0
030302C XXXX 36.57 70.42 228.5 -35.477 114.774 0.0
030302C XXXX 36.57 70.42 228.5 -36.299 115.475 0.0
030302C XXXX 36.57 70.42 228.5 -37.118 116.192 0.0
030302C XXXX 36.57 70.42 228.5 -37.932 116.925 0.0
030302C XXXX 36.57 70.42 228.5 -38.741 117.673 0.0
030302C XXXX 36.57 70.42 228.5 -39.546 118.439 0.0
030302C XXXX 36.57 70.42 228.5 -40.345 119.223 0.0
030302C XXXX 36.57 70.42 228.5 -41.139 120.026 0.0
030302C XXXX 36.57 70.42 228.5 -41.927 120.848 0.0
030302C XXXX 36.57 70.42 228.5 -42.709 121.690 0.0
030302C XXXX 36.57 70.42 228.5 -43.485 122.554 0.0
030302C XXXX 36.57 70.42 228.5 -44.254 123.441 0.0
030302C XXXX 36.57 70.42 228.5 -45.016 124.351 0.0
030302C XXXX 36.57 70.42 228.5 -45.771 125.285 0.0
030302C XXXX 36.57 70.42 228.5 -46.518 126.245 0.0
030302C XXXX 36.57 70.42 228.5 -47.257 127.231 0.0
030302C XXXX 36.57 70.42 228.5 -47.987 128.245 0.0
030302C XXXX 36.57 70.42 228.5 -48.708 129.288 0.0
030302C XXXX 36.57 70.42 228.5 -49.419 130.361 0.0
030302C XXXX 36.57 70.42 228.5 -50.120 131.465 0.0
030302C XXXX 36.57 70.42 228.5 -50.810 132.602 0.0
030302C XXXX 36.57 70.42 228.5 -51.488 133.773 0.0
030302C XXXX 36.57 70.42 228.5 -52.155 134.979 0.0
030302C XXXX 36.57 70.42 228.5 -52.809 136.221 0.0
030302C XXXX 36.57 70.42 228.5 -53.450 137.501 0.0
030302C XXXX 36.57 70.42 228.5 -54.076 138.819 0.0
030302C XXXX 36.57 70.42 228.5 -54.688 140.178 0.0
030302C XXXX 36.57 70.42 228.5 -55.284 141.577 0.0
030302C XXXX 36.57 70.42 228.5 -55.864 143.019 0.0
030302C XXXX 36.57 70.42 228.5 -56.426 144.503 0.0
030302C XXXX 36.57 70.42 228.5 -56.970 146.032 0.0
030302C XXXX 36.57 70.42 228.5 -57.495 147.604 0.0
030302C XXXX 36.57 70.42 228.5 -58.000 149.222 0.0
030302C XXXX 36.57 70.42 228.5 -58.483 150.885 0.0
030302C XXXX 36.57 70.42 228.5 -58.945 152.594 0.0
030302C XXXX 36.57 70.42 228.5 -59.383 154.347 0.0
030302C XXXX 36.57 70.42 228.5 -59.797 156.145 0.0
030302C XXXX 36.57 70.42 228.5 -60.186 157.987 0.0
030302C XXXX 36.57 70.42 228.5 -60.549 159.872 0.0
030302C XXXX 36.57 70.42 228.5 -36.522 88.545 0.0
030302C XXXX 36.57 70.42 228.5 -37.487 88.871 0.0
030302C XXXX 36.57 70.42 228.5 -38.452 89.205 0.0
030302C XXXX 36.57 70.42 228.5 -39.415 89.549 0.0
030302C XXXX 36.57 70.42 228.5 -40.378 89.902 0.0
030302C XXXX 36.57 70.42 228.5 -41.339 90.265 0.0
030302C XXXX 36.57 70.42 228.5 -42.300 90.640 0.0
030302C XXXX 36.57 70.42 228.5 -43.259 91.026 0.0
030302C XXXX 36.57 70.42 228.5 -44.216 91.424 0.0
030302C XXXX 36.57 70.42 228.5 -45.173 91.835 0.0
030302C XXXX 36.57 70.42 228.5 -46.127 92.261 0.0
030302C XXXX 36.57 70.42 228.5 -47.081 92.701 0.0
030302C XXXX 36.57 70.42 228.5 -48.032 93.157 0.0
030302C XXXX 36.57 70.42 228.5 -48.982 93.631 0.0
030302C XXXX 36.57 70.42 228.5 -49.929 94.123 0.0
030302C XXXX 36.57 70.42 228.5 -50.874 94.635 0.0
030302C XXXX 36.57 70.42 228.5 -51.817 95.168 0.0
030302C XXXX 36.57 70.42 228.5 -52.758 95.723 0.0
030302C XXXX 36.57 70.42 228.5 -53.696 96.303 0.0
030302C XXXX 36.57 70.42 228.5 -54.630 96.910 0.0
030302C XXXX 36.57 70.42 228.5 -55.562 97.545 0.0
030302C XXXX 36.57 70.42 228.5 -56.490 98.211 0.0
030302C XXXX 36.57 70.42 228.5 -57.415 98.910 0.0
030302C XXXX 36.57 70.42 228.5 -58.335 99.645 0.0
030302C XXXX 36.57 70.42 228.5 -59.251 100.419 0.0
030302C XXXX 36.57 70.42 228.5 -60.162 101.236 0.0
030302C XXXX 36.57 70.42 228.5 -61.068 102.100 0.0
030302C XXXX 36.57 70.42 228.5 -61.968 103.014 0.0
030302C XXXX 36.57 70.42 228.5 -62.862 103.984 0.0
030302C XXXX 36.57 70.42 228.5 -63.748 105.014 0.0
030302C XXXX 36.57 70.42 228.5 -64.627 106.111 0.0
030302C XXXX 36.57 70.42 228.5 -65.497 107.281 0.0
030302C XXXX 36.57 70.42 228.5 -66.357 108.530 0.0
030302C XXXX 36.57 70.42 228.5 -67.207 109.868 0.0
030302C XXXX 36.57 70.42 228.5 -68.044 111.303 0.0
030302C XXXX 36.57 70.42 228.5 -68.869 112.846 0.0
030302C XXXX 36.57 70.42 228.5 -69.678 114.506 0.0
030302C XXXX 36.57 70.42 228.5 -70.470 116.297 0.0
030302C XXXX 36.57 70.42 228.5 -71.243 118.231 0.0
030302C XXXX 36.57 70.42 228.5 -71.995 120.322 0.0
030302C XXXX 36.57 70.42 228.5 -72.723 122.587 0.0
030302C XXXX 36.57 70.42 228.5 -73.423 125.041 0.0
030302C XXXX 36.57 70.42 228.5 -74.091 127.700 0.0
030302C XXXX 36.57 70.42 228.5 -74.725 130.579 0.0
030302C XXXX 36.57 70.42 228.5 -75.319 133.694 0.0
030302C XXXX 36.57 70.42 228.5 -75.867 137.055 0.0
030302C XXXX 36.57 70.42 228.5 -76.366 140.668 0.0
030302C XXXX 36.57 70.42 228.5 -38.214 64.269 0.0
030302C XXXX 36.57 70.42 228.5 -39.210 64.154 0.0
030302C XXXX 36.57 70.42 228.5 -40.206 64.036 0.0
030302C XXXX 36.57 70.42 228.5 -41.202 63.914 0.0
030302C XXXX 36.57 70.42 228.5 -42.198 63.788 0.0
030302C XXXX 36.57 70.42 228.5 -43.193 63.659 0.0
030302C XXXX 36.57 70.42 228.5 -44.188 63.525 0.0
030302C XXXX 36.57 70.42 228.5 -45.183 63.386 0.0
030302C XXXX 36.57 70.42 228.5 -46.178 63.243 0.0
030302C XXXX 36.57 70.42 228.5 -47.173 63.094 0.0
030302C XXXX 36.57 70.42 228.5 -48.168 62.940 0.0
030302C XXXX 36.57 70.42 228.5 -49.162 62.779 0.0
030302C XXXX 36.57 70.42 228.5 -50.156 62.612 0.0
030302C XXXX 36.57 70.42 228.5 -51.150 62.438 0.0
030302C XXXX 36.57 70.42 228.5 -52.144 62.256 0.0
030302C XXXX 36.57 70.42 228.5 -53.137 62.066 0.0
030302C XXXX 36.57 70.42 228.5 -54.130 61.867 0.0
030302C XXXX 36.57 70.42 228.5 -55.123 61.658 0.0
030302C XXXX 36.57 70.42 228.5 -56.115 61.439 0.0
030302C XXXX 36.57 70.42 228.5 -57.107 61.208 0.0
030302C XXXX 36.57 70.42 228.5 -58.098 60.964 0.0
030302C XXXX 36.57 70.42 228.5 -59.089 60.706 0.0
030302C XXXX 36.57 70.42 228.5 -60.080 60.433 0.0
030302C XXXX 36.57 70.42 228.5 -61.069 60.143 0.0
030302C XXXX 36.57 70.42 228.5 -62.059 59.834 0.0
030302C XXXX 36.57 70.42 228.5 -63.047 59.504 0.0
030302C XXXX 36.57 70.42 228.5 -64.035 59.152 0.0
030302C XXXX 36.57 70.42 228.5 -65.021 58.773 0.0
030302C XXXX 36.57 70.42 228.5 -66.007 58.365 0.0
030302C XXXX 36.57 70.42 228.5 -66.991 57.925 0.0
030302C XXXX 36.57 70.42 228.5 -67.975 57.447 0.0
030302C XXXX 36.57 70.42 228.5 -68.956 56.928 0.0
030302C XXXX 36.57 70.42 228.5 -69.936 56.359 0.0
030302C XXXX 36.57 70.42 228.5 -70.914 55.736 0.0
030302C XXXX 36.57 70.42 228.5 -71.890 55.047 0.0
030302C XXXX 36.57 70.42 228.5 -72.862 54.283 0.0
030302C XXXX 36.57 70.42 228.5 -73.832 53.430 0.0
030302C XXXX 36.57 70.42 228.5 -74.798 52.471 0.0
030302C XXXX 36.57 70.42 228.5 -75.759 51.386 0.0
030302C XXXX 36.57 70.42 228.5 -76.715 50.148 0.0
030302C XXXX 36.57 70.42 228.5 -77.664 48.722 0.0
030302C XXXX 36.57 70.42 228.5 -78.604 47.063 0.0
030302C XXXX 36.57 70.42 228.5 -79.533 45.113 0.0
030302C XXXX 36.57 70.42 228.5 -80.448 42.791 0.0
030302C XXXX 36.57 70.42 228.5 -81.345 39.987 0.0
030302C XXXX 36.57 70.42 228.5 -82.216 36.550 0.0
030302C XXXX 36.57 70.42 228.5 -83.053 32.274 0.0
030302C XXXX 36.57 70.42 228.5 -33.290 41.187 0.0
030302C XXXX 36.57 70.42 228.5 -34.203 40.697 0.0
030302C XXXX 36.57 70.42 228.5 -35.114 40.195 0.0
030302C XXXX 36.57 70.42 228.5 -36.022 39.682 0.0
030302C XXXX 36.57 70.42 228.5 -36.929 39.157 0.0
030302C XXXX 36.57 70.42 228.5 -37.833 38.619 0.0
030302C XXXX 36.57 70.42 228.5 -38.735 38.068 0.0
030302C XXXX 36.57 70.42 228.5 -39.634 37.503 0.0
030302C XXXX 36.57 70.42 228.5 -40.530 36.924 0.0
030302C XXXX 36.57 70.42 228.5 -41.423 36.328 0.0
030302C XXXX 36.57 70.42 228.5 -42.313 35.716 0.0
030302C XXXX 36.57 70.42 228.5 -43.200 35.086 0.0
030302C XXXX 36.57 70.42 228.5 -44.083 34.438 0.0
030302C XXXX 36.57 70.42 228.5 -44.963 33.770 0.0
030302C XXXX 36.57 70.42 228.5 -45.838 33.082 0.0
030302C XXXX 36.57 70.42 228.5 -46.709 32.371 0.0
030302C XXXX 36.57 70.42 228.5 -47.576 31.638 0.0
030302C XXXX 36.57 70.42 228.5 -48.437 30.879 0.0
030302C XXXX 36.57 70.42 228.5 -49.294 30.095 0.0
030302C XXXX 36.57 70.42 228.5 -50.145 29.283 0.0
030302C XXXX 36.57 70.42 228.5 -50.990 28.441 0.0
030302C XXXX 36.57 70.42 228.5 -51.829 27.569 0.0
030302C XXXX 36.57 70.42 228.5 -52.662 26.663 0.0
030302C XXXX 36.57 70.42 228.5 -53.487 25.723 0.0
030302C XXXX 36.57 70.42 228.5 -54.304 24.745 0.0
030302C XXXX 36.57 70.42 228.5 -55.113 23.728 0.0
030302C XXXX 36.57 70.42 228.5 -55.914 22.669 0.0
030302C XXXX 36.57 70.42 228.5 -56.705 21.566 0.0
030302C XXXX 36.57 70.42 228.5 -57.485 20.416 0.0
030302C XXXX 36.57 70.42 228.5 -58.255 19.216 0.0
030302C XXXX 36.57 70.42 228.5 -59.013 17.962 0.0
030302C XXXX 36.57 70.42 228.5 -59.759 16.653 0.0
030302C XXXX 36.57 70.42 228.5 -60.490 15.285 0.0
030302C XXXX 36.57 70.42 228.5 -61.208 13.854 0.0
030302C XXXX 36.57 70.42 228.5 -61.909 12.358 0.0
030302C XXXX 36.57 70.42 228.5 -62.593 10.792 0.0
030302C XXXX 36.57 70.42 228.5 -63.260 9.153 0.0
030302C XXXX 36.57 70.42 228.5 -63.906 7.437 0.0
030302C XXXX 36.57 70.42 228.5 -64.531 5.643 0.0
030302C XXXX 36.57 70.42 228.5 -65.133 3.765 0.0
030302C XXXX 36.57 70.42 228.5 -65.711 1.803 0.0
030302C XXXX 36.57 70.42 228.5 -66.263 -0.247 0.0
030302C XXXX 36.57 70.42 228.5 -66.786 -2.387 0.0
030302C XXXX 36.57 70.42 228.5 -67.279 -4.617 0.0
030302C XXXX 36.57 70.42 228.5 -67.740 -6.937 0.0
030302C XXXX 36.57 70.42 228.5 -68.166 -9.347 0.0
030302C XXXX 36.57 70.42 228.5 -68.557 -11.844 0.0
030302C XXXX 36.57 70.42 228.5 -23.225 22.412 0.0
030302C XXXX 36.57 70.42 228.5 -24.010 21.735 0.0
030302C XXXX 36.57 70.42 228.5 -24.791 21.050 0.0
030302C XXXX 36.57 70.42 228.5 -25.570 20.357 0.0
030302C XXXX 36.57 70.42 228.5 -26.345 19.654 0.0
030302C XXXX 36.57 70.42 228.5 -27.117 18.942 0.0
030302C XXXX 36.57 70.42 228.5 -27.885 18.221 0.0
030302C XXXX 36.57 70.42 228.5 -28.650 17.489 0.0
030302C XXXX 36.57 70.42 228.5 -29.410 16.746 0.0
030302C XXXX 36.57 70.42 228.5 -30.166 15.992 0.0
030302C XXXX 36.57 70.42 228.5 -30.918 15.226 0.0
030302C XXXX 36.57 70.42 228.5 -31.665 14.448 0.0
030302C XXXX 36.57 70.42 228.5 -32.408 13.658 0.0
030302C XXXX 36.57 70.42 228.5 -33.145 12.855 0.0
030302C XXXX 36.57 70.42 228.5 -33.877 12.038 0.0
030302C XXXX 36.57 70.42 228.5 -34.604 11.207 0.0
030302C XXXX 36.57 70.42 228.5 -35.325 10.361 0.0
030302C XXXX 36.57 70.42 228.5 -36.040 9.500 0.0
030302C XXXX 36.57 70.42 228.5 -36.748 8.624 0.0
030302C XXXX 36.57 70.42 228.5 -37.451 7.731 0.0
030302C XXXX 36.57 70.42 228.5 -38.146 6.821 0.0
030302C XXXX 36.57 70.42 228.5 -38.834 5.894 0.0
030302C XXXX 36.57 70.42 228.5 -39.515 4.949 0.0
030302C XXXX 36.57 70.42 228.5 -40.188 3.986 0.0
030302C XXXX 36.57 70.42 228.5 -40.852 3.003 0.0
030302C XXXX 36.57 70.42 228.5 -41.508 2.000 0.0
030302C XXXX 36.57 70.42 228.5 -42.156 0.977 0.0
030302C XXXX 36.57 70.42 228.5 -42.794 -0.067 0.0
030302C XXXX 36.57 70.42 228.5 -43.422 -1.132 0.0
030302C XXXX 36.57 70.42 228.5 -44.041 -2.220 0.0
030302C XXXX 36.57 70.42 228.5 -44.648 -3.330 0.0
030302C XXXX 36.57 70.42 228.5 -45.245 -4.464 0.0
030302C XXXX 36.57 70.42 228.5 -45.830 -5.622 0.0
030302C XXXX 36.57 70.42 228.5 -46.404 -6.804 0.0
030302C XXXX 36.57 70.42 228.5 -46.965 -8.010 0.0
030302C XXXX 36.57 70.42 228.5 -47.513 -9.242 0.0
030302C XXXX 36.57 70.42 228.5 -48.047 -10.500 0.0
030302C XXXX 36.57 70.42 228.5 -48.568 -11.784 0.0
030302C XXXX 36.57 70.42 228.5 -49.074 -13.094 0.0
030302C XXXX 36.57 70.42 228.5 -49.564 -14.431 0.0
030302C XXXX 36.57 70.42 228.5 -50.040 -15.794 0.0
030302C XXXX 36.57 70.42 228.5 -50.498 -17.184 0.0
030302C XXXX 36.57 70.42 228.5 -50.940 -18.601 0.0
030302C XXXX 36.57 70.42 228.5 -51.365 -20.045 0.0
030302C XXXX 36.57 70.42 228.5 -51.771 -21.515 0.0
030302C XXXX 36.57 70.42 228.5 -52.159 -23.011 0.0
030302C XXXX 36.57 70.42 228.5 -52.528 -24.532 0.0
030302C XXXX 36.57 70.42 228.5 -10.000 7.681 0.0
030302C XXXX 36.57 70.42 228.5 -10.673 6.929 0.0
030302C XXXX 36.57 70.42 228.5 -11.344 6.173 0.0
030302C XXXX 36.57 70.42 228.5 -12.013 5.414 0.0
030302C XXXX 36.57 70.42 228.5 -12.679 4.652 0.0
030302C XXXX 36.57 70.42 228.5 -13.344 3.885 0.0
030302C XXXX 36.57 70.42 228.5 -14.007 3.114 0.0
030302C XXXX 36.57 70.42 228.5 -14.667 2.338 0.0
030302C XXXX 36.57 70.42 228.5 -15.324 1.558 0.0
030302C XXXX 36.57 70.42 228.5 -15.979 0.773 0.0
030302C XXXX 36.57 70.42 228.5 -16.630 -0.017 0.0
030302C XXXX 36.57 70.42 228.5 -17.279 -0.813 0.0
030302C XXXX 36.57 70.42 228.5 -17.925 -1.614 0.0
030302C XXXX 36.57 70.42 228.5 -18.567 -2.421 0.0
030302C XXXX 36.57 70.42 228.5 -19.206 -3.234 0.0
030302C XXXX 36.57 70.42 228.5 -19.841 -4.053 0.0
030302C XXXX 36.57 70.42 228.5 -20.473 -4.879 0.0
030302C XXXX 36.57 70.42 228.5 -21.100 -5.712 0.0
030302C XXXX 36.57 70.42 228.5 -21.724 -6.552 0.0
030302C XXXX 36.57 70.42 228.5 -22.343 -7.399 0.0
030302C XXXX 36.57 70.42 228.5 -22.958 -8.254 0.0
030302C XXXX 36.57 70.42 228.5 -23.568 -9.116 0.0
030302C XXXX 36.57 70.42 228.5 -24.173 -9.986 0.0
030302C XXXX 36.57 70.42 228.5 -24.774 -10.865 0.0
030302C XXXX 36.57 70.42 228.5 -25.369 -11.752 0.0
030302C XXXX 36.57 70.42 228.5 -25.959 -12.648 0.0
030302C XXXX 36.57 70.42 228.5 -26.543 -13.553 0.0
030302C XXXX 36.57 70.42 228.5 -27.121 -14.467 0.0
030302C XXXX 36.57 70.42 228.5 -27.694 -15.391 0.0
030302C XXXX 36.57 70.42 228.5 -28.260 -16.324 0.0
030302C XXXX 36.57 70.42 228.5 -28.820 -17.267 0.0
030302C XXXX 36.57 70.42 228.5 -29.373 -18.221 0.0
030302C XXXX 36.57 70.42 228.5 -29.919 -19.184 0.0
030302C XXXX 36.57 70.42 228.5 -30.459 -20.159 0.0
030302C XXXX 36.57 70.42 228.5 -30.991 -21.144 0.0
030302C XXXX 36.57 70.42 228.5 -31.515 -22.140 0.0
030302C XXXX 36.57 70.42 228.5 -32.032 -23.147 0.0
030302C XXXX 36.57 70.42 228.5 -32.540 -24.165 0.0
030302C XXXX 36.57 70.42 228.5 -33.041 -25.195 0.0
030302C XXXX 36.57 70.42 228.5 -33.532 -26.237 0.0
030302C XXXX 36.57 70.42 228.5 -34.015 -27.291 0.0
030302C XXXX 36.57 70.42 228.5 -34.489 -28.356 0.0
030302C XXXX 36.57 70.42 228.5 -34.954 -29.433 0.0
030302C XXXX 36.57 70.42 228.5 -35.408 -30.523 0.0
030302C XXXX 36.57 70.42 228.5 -35.853 -31.625 0.0
030302C XXXX 36.57 70.42 228.5 -36.288 -32.739 0.0
030302C XXXX 36.57 70.42 228.5 -36.712 -33.866 0.0
030302C XXXX 36.57 70.42 228.5 4.968 -4.569 0.0
030302C XXXX 36.57 70.42 228.5 4.371 -5.375 0.0
030302C XXXX 36.57 70.42 228.5 3.774 -6.179 0.0
030302C XXXX 36.57 70.42 228.5 3.176 -6.982 0.0
030302C XXXX 36.57 70.42 228.5 2.578 -7.784 0.0
030302C XXXX 36.57 70.42 228.5 1.979 -8.586 0.0
030302C XXXX 36.57 70.42 228.5 1.379 -9.386 0.0
030302C XXXX 36.57 70.42 228.5 0.779 -10.187 0.0
030302C XXXX 36.57 70.42 228.5 0.180 -10.987 0.0
030302C XXXX 36.57 70.42 228.5 -0.420 -11.787 0.0
030302C XXXX 36.57 70.42 228.5 -1.020 -12.587 0.0
030302C XXXX 36.57 70.42 228.5 -1.620 -13.388 0.0
030302C XXXX 36.57 70.42 228.5 -2.219 -14.189 0.0
030302C XXXX 36.57 70.42 228.5 -2.818 -14.990 0.0
030302C XXXX 36.57 70.42 228.5 -3.416 -15.793 0.0
030302C XXXX 36.57 70.42 228.5 -4.014 -16.596 0.0
030302C XXXX 36.57 70.42 228.5 -4.611 -17.401 0.0
030302C XXXX 36.57 70.42 228.5 -5.207 -18.207 0.0
030302C XXXX 36.57 70.42 228.5 -5.802 -19.014 0.0
030302C XXXX 36.57 70.42 228.5 -6.395 -19.823 0.0
030302C XXXX 36.57 70.42 228.5 -6.988 -20.635 0.0
030302C XXXX 36.57 70.42 228.5 -7.579 -21.448 0.0
030302C XXXX 36.57 70.42 228.5 -8.169 -22.263 0.0
030302C XXXX 36.57 70.42 228.5 -8.757 -23.081 0.0
030302C XXXX 36.57 70.42 228.5 -9.343 -23.901 0.0
030302C XXXX 36.57 70.42 228.5 -9.927 -24.724 0.0
030302C XXXX 36.57 70.42 228.5 -10.509 -25.550 0.0
030302C XXXX 36.57 70.42 228.5 -11.090 -26.380 0.0
030302C XXXX 36.57 70.42 228.5 -11.667 -27.212 0.0
030302C XXXX 36.57 70.42 228.5 -12.243 -28.048 0.0
030302C XXXX 36.57 70.42 228.5 -12.816 -28.888 0.0
030302C XXXX 36.57 70.42 228.5 -13.386 -29.731 0.0
030302C XXXX 36.57 70.42 228.5 -13.954 -30.578 0.0
030302C XXXX 36.57 70.42 228.5 -14.518 -31.430 0.0
030302C XXXX 36.57 70.42 228.5 -15.079 -32.286 0.0
030302C XXXX 36.57 70.42 228.5 -15.638 -33.146 0.0
030302C XXXX 36.57 70.42 228.5 -16.192 -34.012 0.0
030302C XXXX 36.57 70.42 228.5 -16.744 -34.882 0.0
030302C XXXX 36.57 70.42 228.5 -17.291 -35.757 0.0
030302C XXXX 36.57 70.42 228.5 -17.835 -36.637 0.0
030302C XXXX 36.57 70.42 228.5 -18.375 -37.522 0.0
030302C XXXX 36.57 70.42 228.5 -18.911 -38.414 0.0
030302C XXXX 36.57 70.42 228.5 -19.442 -39.310 0.0
030302C XXXX 36.57 70.42 228.5 -19.969 -40.213 0.0
030302C XXXX 36.57 70.42 228.5 -20.492 -41.122 0.0
030302C XXXX 36.57 70.42 228.5 -21.009 -42.037 0.0
030302C XXXX 36.57 70.42 228.5 -21.522 -42.958 0.0
030302C XXXX 36.57 70.42 228.5 20.793 -15.967 0.0
030302C XXXX 36.57 70.42 228.5 20.232 -16.851 0.0
030302C XXXX 36.57 70.42 228.5 19.668 -17.729 0.0
030302C XXXX 36.57 70.42 228.5 19.099 -18.601 0.0
030302C XXXX 36.57 70.42 228.5 18.526 -19.467 0.0
030302C XXXX 36.57 70.42 228.5 17.949 -20.327 0.0
030302C XXXX 36.57 70.42 228.5 17.368 -21.181 0.0
030302C XXXX 36.57 70.42 228.5 16.784 -22.030 0.0
030302C XXXX 36.57 70.42 228.5 16.196 -22.874 0.0
030302C XXXX 36.57 70.42 228.5 15.605 -23.713 0.0
030302C XXXX 36.57 70.42 228.5 15.011 -24.547 0.0
030302C XXXX 36.57 70.42 228.5 14.414 -25.376 0.0
030302C XXXX 36.57 70.42 228.5 13.814 -26.201 0.0
030302C XXXX 36.57 70.42 228.5 13.211 -27.021 0.0
030302C XXXX 36.57 70.42 228.5 12.605 -27.838 0.0
030302C XXXX 36.57 70.42 228.5 11.997 -28.650 0.0
030302C XXXX 36.57 70.42 228.5 11.387 -29.459 0.0
030302C XXXX 36.57 70.42 228.5 10.775 -30.265 0.0
030302C XXXX 36.57 70.42 228.5 10.160 -31.067 0.0
030302C XXXX 36.57 70.42 228.5 9.544 -31.866 0.0
030302C XXXX 36.57 70.42 228.5 8.925 -32.663 0.0
030302C XXXX 36.57 70.42 228.5 8.305 -33.456 0.0
030302C XXXX 36.57 70.42 228.5 7.684 -34.247 0.0
030302C XXXX 36.57 70.42 228.5 7.061 -35.036 0.0
030302C XXXX 36.57 70.42 228.5 6.436 -35.823 0.0
030302C XXXX 36.57 70.42 228.5 5.811 -36.607 0.0
030302C XXXX 36.57 70.42 228.5 5.184 -37.390 0.0
030302C XXXX 36.57 70.42 228.5 4.557 -38.172 0.0
030302C XXXX 36.57 70.42 228.5 3.928 -38.952 0.0
030302C XXXX 36.57 70.42 228.5 3.299 -39.731 0.0
030302C XXXX 36.57 70.42 228.5 2.670 -40.509 0.0
030302C XXXX 36.57 70.42 228.5 2.039 -41.286 0.0
030302C XXXX 36.57 70.42 228.5 1.409 -42.062 0.0
030302C XXXX 36.57 70.42 228.5 0.778 -42.838 0.0
030302C XXXX 36.57 70.42 228.5 0.147 -43.614 0.0
030302C XXXX 36.57 70.42 228.5 -0.484 -44.390 0.0
030302C XXXX 36.57 70.42 228.5 -1.115 -45.166 0.0
030302C XXXX 36.57 70.42 228.5 -1.746 -45.942 0.0
030302C XXXX 36.57 70.42 228.5 -2.376 -46.719 0.0
030302C XXXX 36.57 70.42 228.5 -3.006 -47.496 0.0
030302C XXXX 36.57 70.42 228.5 -3.635 -48.275 0.0
030302C XXXX 36.57 70.42 228.5 -4.264 -49.054 0.0
030302C XXXX 36.57 70.42 228.5 -4.892 -49.835 0.0
030302C XXXX 36.57 70.42 228.5 -5.519 -50.617 0.0
030302C XXXX 36.57 70.42 228.5 -6.145 -51.401 0.0
030302C XXXX 36.57 70.42 228.5 -6.770 -52.187 0.0
030302C XXXX 36.57 70.42 228.5 -7.394 -52.974 0.0
030302C XXXX 36.57 70.42 228.5 36.810 -28.362 0.0
030302C XXXX 36.57 70.42 228.5 36.236 -29.380 0.0
030302C XXXX 36.57 70.42 228.5 35.653 -30.384 0.0
030302C XXXX 36.57 70.42 228.5 35.062 -31.373 0.0
030302C XXXX 36.57 70.42 228.5 34.463 -32.348 0.0
030302C XXXX 36.57 70.42 228.5 33.857 -33.309 0.0
030302C XXXX 36.57 70.42 228.5 33.243 -34.256 0.0
030302C XXXX 36.57 70.42 228.5 32.622 -35.190 0.0
030302C XXXX 36.57 70.42 228.5 31.994 -36.111 0.0
030302C XXXX 36.57 70.42 228.5 31.360 -37.020 0.0
030302C XXXX 36.57 70.42 228.5 30.719 -37.916 0.0
030302C XXXX 36.57 70.42 228.5 30.072 -38.800 0.0
030302C XXXX 36.57 70.42 228.5 29.420 -39.673 0.0
030302C XXXX 36.57 70.42 228.5 28.762 -40.534 0.0
030302C XXXX 36.57 70.42 228.5 28.098 -41.385 0.0
030302C XXXX 36.57 70.42 228.5 27.429 -42.225 0.0
030302C XXXX 36.57 70.42 228.5 26.756 -43.055 0.0
030302C XXXX 36.57 70.42 228.5 26.077 -43.876 0.0
030302C XXXX 36.57 70.42 228.5 25.394 -44.686 0.0
030302C XXXX 36.57 70.42 228.5 24.707 -45.488 0.0
030302C XXXX 36.57 70.42 228.5 24.015 -46.281 0.0
030302C XXXX 36.57 70.42 228.5 23.319 -47.065 0.0
030302C XXXX 36.57 70.42 228.5 22.620 -47.841 0.0
030302C XXXX 36.57 70.42 228.5 21.916 -48.609 0.0
030302C XXXX 36.57 70.42 228.5 21.210 -49.370 0.0
030302C XXXX 36.57 70.42 228.5 20.499 -50.123 0.0
030302C XXXX 36.57 70.42 228.5 19.786 -50.870 0.0
030302C XXXX 36.57 70.42 228.5 19.070 -51.610 0.0
030302C XXXX 36.57 70.42 228.5 18.350 -52.343 0.0
030302C XXXX 36.57 70.42 228.5 17.628 -53.070 0.0
030302C XXXX 36.57 70.42 228.5 16.903 -53.792 0.0
030302C XXXX 36.57 70.42 228.5 16.176 -54.507 0.0
030302C XXXX 36.57 70.42 228.5 15.446 -55.218 0.0
030302C XXXX 36.57 70.42 228.5 14.714 -55.924 0.0
030302C XXXX 36.57 70.42 228.5 13.980 -56.625 0.0
030302C XXXX 36.57 70.42 228.5 13.244 -57.321 0.0
030302C XXXX 36.57 70.42 228.5 12.506 -58.013 0.0
030302C XXXX 36.57 70.42 228.5 11.766 -58.702 0.0
030302C XXXX 36.57 70.42 228.5 11.025 -59.386 0.0
030302C XXXX 36.57 70.42 228.5 10.282 -60.068 0.0
030302C XXXX 36.57 70.42 228.5 9.538 -60.746 0.0
030302C XXXX 36.57 70.42 228.5 8.792 -61.421 0.0
030302C XXXX 36.57 70.42 228.5 8.045 -62.093 0.0
030302C XXXX 36.57 70.42 228.5 7.298 -62.763 0.0
030302C XXXX 36.57 70.42 228.5 6.549 -63.430 0.0
030302C XXXX 36.57 70.42 228.5 5.799 -64.096 0.0
030302C XXXX 36.57 70.42 228.5 5.048 -64.760 0.0
030302C XXXX 36.57 70.42 228.5 52.155 -45.021 0.0
030302C XXXX 36.57 70.42 228.5 51.488 -46.227 0.0
030302C XXXX 36.57 70.42 228.5 50.810 -47.398 0.0
030302C XXXX 36.57 70.42 228.5 50.120 -48.535 0.0
030302C XXXX 36.57 70.42 228.5 49.419 -49.639 0.0
030302C XXXX 36.57 70.42 228.5 48.708 -50.712 0.0
030302C XXXX 36.57 70.42 228.5 47.987 -51.755 0.0
030302C XXXX 36.57 70.42 228.5 47.257 -52.769 0.0
030302C XXXX 36.57 70.42 228.5 46.518 -53.755 0.0
030302C XXXX 36.57 70.42 228.5 45.771 -54.715 0.0
030302C XXXX 36.57 70.42 228.5 45.016 -55.649 0.0
030302C XXXX 36.57 70.42 228.5 44.254 -56.559 0.0
030302C XXXX 36.57 70.42 228.5 43.485 -57.446 0.0
030302C XXXX 36.57 70.42 228.5 42.709 -58.310 0.0
030302C XXXX 36.57 70.42 228.5 41.927 -59.152 0.0
030302C XXXX 36.57 70.42 228.5 41.139 -59.974 0.0
030302C XXXX 36.57 70.42 228.5 40.345 -60.777 0.0
030302C XXXX 36.57 70.42 228.5 39.546 -61.561 0.0
030302C XXXX 36.57 70.42 228.5 38.741 -62.327 0.0
030302C XXXX 36.57 70.42 228.5 37.932 -63.075 0.0
030302C XXXX 36.57 70.42 228.5 37.118 -63.808 0.0
030302C XXXX 36.57 70.42 228.5 36.299 -64.525 0.0
030302C XXXX 36.57 70.42 228.5 35.477 -65.226 0.0
030302C XXXX 36.57 70.42 228.5 34.650 -65.914 0.0
030302C XXXX 36.57 70.42 228.5 33.820 -66.588 0.0
030302C XXXX 36.57 70.42 228.5 32.986 -67.249 0.0
030302C XXXX 36.57 70.42 228.5 32.148 -67.898 0.0
030302C XXXX 36.57 70.42 228.5 31.308 -68.534 0.0
030302C XXXX 36.57 70.42 228.5 30.464 -69.160 0.0
030302C XXXX 36.57 70.42 228.5 29.617 -69.775 0.0
030302C XXXX 36.57 70.42 228.5 28.768 -70.379 0.0
030302C XXXX 36.57 70.42 228.5 27.916 -70.974 0.0
030302C XXXX 36.57 70.42 228.5 27.061 -71.559 0.0
030302C XXXX 36.57 70.42 228.5 26.204 -72.136 0.0
030302C XXXX 36.57 70.42 228.5 25.345 -72.704 0.0
030302C XXXX 36.57 70.42 228.5 24.484 -73.264 0.0
030302C XXXX 36.57 70.42 228.5 23.620 -73.816 0.0
030302C XXXX 36.57 70.42 228.5 22.755 -74.362 0.0
030302C XXXX 36.57 70.42 228.5 21.888 -74.900 0.0
030302C XXXX 36.57 70.42 228.5 21.019 -75.432 0.0
030302C XXXX 36.57 70.42 228.5 20.148 -75.957 0.0
030302C XXXX 36.57 70.42 228.5 19.276 -76.477 0.0
030302C XXXX 36.57 70.42 228.5 18.403 -76.991 0.0
030302C XXXX 36.57 70.42 228.5 17.528 -77.500 0.0
030302C XXXX 36.57 70.42 228.5 16.651 -78.005 0.0
030302C XXXX 36.57 70.42 228.5 15.774 -78.504 0.0
030302C XXXX 36.57 70.42 228.5 14.895 -79.000 0.0
030302C XXXX 36.57 70.42 228.5 64.627 -73.889 0.0
030302C XXXX 36.57 70.42 228.5 63.748 -74.986 0.0
030302C XXXX 36.57 70.42 228.5 62.862 -76.016 0.0
030302C XXXX 36.57 70.42 228.5 61.968 -76.986 0.0
030302C XXXX 36.57 70.42 228.5 61.068 -77.900 0.0
030302C XXXX 36.57 70.42 228.5 60.162 -78.764 0.0
030302C XXXX 36.57 70.42 228.5 59.251 -79.581 0.0
030302C XXXX 36.57 70.42 228.5 58.335 -80.355 0.0
030302C XXXX 36.57 70.42 228.5 57.415 -81.090 0.0
030302C XXXX 36.57 70.42 228.5 56.490 -81.789 0.0
030302C XXXX 36.57 70.42 228.5 55.562 -82.455 0.0
030302C XXXX 36.57 70.42 228.5 54.630 -83.090 0.0
030302C XXXX 36.57 70.42 228.5 53.696 -83.697 0.0
030302C XXXX 36.57 70.42 228.5 52.758 -84.277 0.0
030302C XXXX 36.57 70.42 228.5 51.817 -84.832 0.0
030302C XXXX 36.57 70.42 228.5 50.874 -85.365 0.0
030302C XXXX 36.57 70.42 228.5 49.929 -85.877 0.0
030302C XXXX 36.57 70.42 228.5 48.982 -86.369 0.0
030302C XXXX 36.57 70.42 228.5 48.032 -86.843 0.0
030302C XXXX 36.57 70.42 228.5 47.081 -87.299 0.0
030302C XXXX 36.57 70.42 228.5 46.127 -87.739 0.0
030302C XXXX 36.57 70.42 228.5 45.173 -88.165 0.0
030302C XXXX 36.57 70.42 228.5 44.216 -88.576 0.0
030302C XXXX 36.57 70.42 228.5 43.259 -88.974 0.0
030302C XXXX 36.57 70.42 228.5 42.300 -89.360 0.0
030302C XXXX 36.57 70.42 228.5 41.339 -89.735 0.0
030302C XXXX 36.57 70.42 228.5 40.378 -90.098 0.0
030302C XXXX 36.57 70.42 228.5 39.415 -90.451 0.0
030302C XXXX 36.57 70.42 228.5 38.452 -90.795 0.0
030302C XXXX 36.57 70.42 228.5 37.487 -91.129 0.0
030302C XXXX 36.57 70.42 228.5 36.522 -91.455 0.0
030302C XXXX 36.57 70.42 228.5 35.555 -91.773 0.0
030302C XXXX 36.57 70.42 228.5 34.588 -92.084 0.0
030302C XXXX 36.57 70.42 228.5 33.620 -92.387 0.0
030302C XXXX 36.57 70.42 228.5 32.651 -92.683 0.0
030302C XXXX 36.57 70.42 228.5 31.682 -92.973 0.0
030302C XXXX 36.57 70.42 228.5 30.712 -93.257 0.0
030302C XXXX 36.57 70.42 228.5 29.741 -93.536 0.0
030302C XXXX 36.57 70.42 228.5 28.770 -93.809 0.0
030302C XXXX 36.57 70.42 228.5 27.798 -94.077 0.0
030302C XXXX 36.57 70.42 228.5 26.826 -94.340 0.0
030302C XXXX 36.57 70.42 228.5 25.853 -94.599 0.0
030302C XXXX 36.57 70.42 228.5 24.880 -94.854 0.0
030302C XXXX 36.57 70.42 228.5 23.907 -95.104 0.0
030302C XXXX 36.57 70.42 228.5 22.932 -95.351 0.0
030302C XXXX 36.57 70.42 228.5 21.958 -95.595 0.0
030302C XXXX 36.57 70.42 228.5 20.983 -95.835 0.0
