    0.00  6371.000    90.000   180.000
    0.00  6370.062    90.000   180.000
    0.00  6369.125    90.000   180.000
    0.00  6367.250    90.000   180.000
    0.00  6363.500    90.000   180.000
    0.00  6356.000    90.000   180.000
    0.00  6354.825    90.000   180.000
    0.00  6353.650    90.000   180.000
    0.00  6351.300    90.000   180.000
    0.00  6346.600    90.000   180.000
    0.00  6344.648    90.000   180.000
    0.00  6342.696    90.000   180.000
    0.00  6338.795    90.000   180.000
    0.00  6334.896    90.000   180.000
    0.00  6331.000    90.000   180.000
    0.00  6327.335    90.000   180.000
    0.00  6323.247    90.000   180.000
    0.00  6319.162    90.000   180.000
    0.00  6311.000    90.000   180.000
    0.00  6300.991    90.000   180.000
    0.00  6291.000    90.000   180.000
    0.00  6282.231    90.000   180.000
    0.00  6273.474    90.000   180.000
    0.00  6264.731    90.000   180.000
    0.00  6256.000    90.000   180.000
    0.00  6245.982    90.000   180.000
    0.00  6235.981    90.000   180.000
    0.00  6221.000    90.000   180.000
    0.00  6203.475    90.000   180.000
    0.00  6186.000    90.000   180.000
    0.00  6168.476    90.000   180.000
    0.00  6151.000    90.000   180.000
    0.00  6148.168    90.000   180.000
    0.00  6145.334    90.000   180.000
    0.00  6139.659    90.000   180.000
    0.00  6133.973    90.000   180.000
    0.00  6128.278    90.000   180.000
    0.00  6117.158    90.000   180.000
    0.00  6111.584    90.000   180.000
    0.00  6106.000    90.000   180.000
    0.00  6094.657    90.000   180.000
    0.00  6088.972    90.000   180.000
    0.00  6083.276    90.000   180.000
    0.00  6072.157    90.000   180.000
    0.00  6061.000    90.000   180.000
    0.00  6048.835    90.000   180.000
    0.00  6038.275    90.000   180.000
    0.00  6023.091    90.000   180.000
    0.00  6016.000    90.000   180.000
    0.00  6006.586    90.000   180.000
    0.00  5997.146    90.000   180.000
    0.00  5984.098    90.000   180.000
    0.00  5971.000    90.000   180.000
    0.00  5963.886    90.000   180.000
    0.00  5956.711    90.000   180.000
    0.00  5944.971    90.000   180.000
    0.00  5933.069    90.000   180.000
    0.00  5927.055    90.000   180.000
    0.00  5921.000    90.000   180.000
    0.00  5906.323    90.000   180.000
    0.00  5891.396    90.000   180.000
    0.00  5881.256    90.000   180.000
    0.00  5871.000    90.000   180.000
    0.00  5856.802    90.000   180.000
    0.00  5845.024    90.000   180.000
    0.00  5843.756    90.000   180.000
    0.00  5839.509    90.000   180.000
    0.00  5839.305    90.000   180.000
    0.00  5839.101    90.000   180.000
    0.00  5838.692    90.000   180.000
    0.00  5837.873    90.000   180.000
    0.00  5836.234    90.000   180.000
    0.00  5835.841    90.000   180.000
    0.00  5835.449    90.000   180.000
    0.00  5834.663    90.000   180.000
    0.00  5833.091    90.000   180.000
    0.00  5821.000    90.000   180.000
    0.00  5812.324    90.000   180.000
    0.00  5798.210    90.000   180.000
    0.00  5792.477    90.000   180.000
    0.00  5783.878    90.000   180.000
    0.00  5779.515    90.000   180.000
    0.00  5778.745    90.000   180.000
    0.00  5771.000    90.000   180.000
    0.00  5767.247    90.000   180.000
    0.00  5760.648    90.000   180.000
    0.00  5753.373    90.000   180.000
    0.00  5736.000    90.000   180.000
    0.00  5734.277    90.000   180.000
    0.00  5732.613    90.000   180.000
    0.00  5730.948    90.000   180.000
    0.00  5716.005    90.000   180.000
    0.00  5701.000    90.000   180.000
    0.00  5696.300    90.000   180.000
    0.00  5691.578    90.000   180.000
    0.00  5682.068    90.000   180.000
    0.00  5666.158    90.000   180.000
    0.00  5662.395    90.000   180.000
    0.00  5662.123    90.000   180.000
    0.00  5661.851    90.000   180.000
    0.00  5661.306    90.000   180.000
    0.00  5660.217    90.000   180.000
    0.00  5660.149    90.000   180.000
    0.00  5659.518    90.000   180.000
    0.00  5658.886    90.000   180.000
    0.00  5657.621    90.000   180.000
    0.00  5655.087    90.000   180.000
    0.00  5650.000    90.000   180.000
    0.00  5629.272    90.000   180.000
    0.00  5614.737    90.000   180.000
    0.00  5600.000    90.000   180.000
    0.00  5595.559    90.000   180.000
    0.00  5591.114    90.000   180.000
    0.00  5582.210    90.000   180.000
    0.00  5564.348    90.000   180.000
    0.00  5548.348    90.000   180.000
    0.00  5540.326    90.000   180.000
    0.00  5532.290    90.000   180.000
    0.00  5516.174    90.000   180.000
    0.00  5508.094    90.000   180.000
    0.00  5500.000    90.000   180.000
    0.00  5482.275    90.000   180.000
    0.00  5473.387    90.000   180.000
    0.00  5464.482    90.000   180.000
    0.00  5448.444    90.000   180.000
    0.00  5440.404    90.000   180.000
    0.00  5432.351    90.000   180.000
    0.00  5416.203    90.000   180.000
    0.00  5408.108    90.000   180.000
    0.00  5400.000    90.000   180.000
    0.00  5382.341    90.000   180.000
    0.00  5364.620    90.000   180.000
    0.00  5332.414    90.000   180.000
    0.00  5330.726    90.000   180.000
    0.00  5300.000    90.000   180.000
    0.00  5268.613    90.000   180.000
    0.00  5237.038    90.000   180.000
    0.00  5200.000    90.000   180.000
    0.00  5181.123    90.000   180.000
    0.00  5162.182    90.000   180.000
    0.00  5124.104    90.000   180.000
    0.00  5123.535    90.000   180.000
    0.00  5122.965    90.000   180.000
    0.00  5121.826    90.000   180.000
    0.00  5120.687    90.000   180.000
    0.00  5119.547    90.000   180.000
    0.00  5118.086    90.000   180.000
    0.00  5116.625    90.000   180.000
    0.00  5115.164    90.000   180.000
    0.00  5113.702    90.000   180.000
    0.00  5110.783    90.000   180.000
    0.00  5107.863    90.000   180.000
    0.00  5103.933    90.000   180.000
    0.00  5100.000    90.000   180.000
    0.00  5099.775    90.000   180.000
    0.00  5097.623    90.000   180.000
    0.00  5095.045    90.000   180.000
    0.00  5092.465    90.000   180.000
    0.00  5087.303    90.000   180.000
    0.00  5082.153    90.000   180.000
    0.00  5076.998    90.000   180.000
    0.00  5071.854    90.000   180.000
    0.00  5066.706    90.000   180.000
    0.00  5066.148    90.000   180.000
    0.00  5065.590    90.000   180.000
    0.00  5064.474    90.000   180.000
    0.00  5063.357    90.000   180.000
    0.00  5062.241    90.000   180.000
    0.00  5060.007    90.000   180.000
    0.00  5057.772    90.000   180.000
    0.00  5053.300    90.000   180.000
    0.00  5048.825    90.000   180.000
    0.00  5039.830    90.000   180.000
    0.00  5030.822    90.000   180.000
    0.00  5015.431    90.000   180.000
    0.00  5007.721    90.000   180.000
    0.00  5000.000    90.000   180.000
    0.00  4984.350    90.000   180.000
    0.00  4968.661    90.000   180.000
    0.00  4937.160    90.000   180.000
    0.00  4918.608    90.000   180.000
    0.00  4900.000    90.000   180.000
    0.00  4862.230    90.000   180.000
    0.00  4824.236    90.000   180.000
    0.00  4821.212    90.000   180.000
    0.00  4818.186    90.000   180.000
    0.00  4812.130    90.000   180.000
    0.00  4800.000    90.000   180.000
    0.00  4796.628    90.000   180.000
    0.00  4793.255    90.000   180.000
    0.00  4778.206    90.000   180.000
    0.00  4770.669    90.000   180.000
    0.00  4763.123    90.000   180.000
    0.00  4745.886    90.000   180.000
    0.00  4728.605    90.000   180.000
    0.00  4702.448    90.000   180.000
    0.00  4701.224    90.000   180.000
    0.00  4700.000    90.000   180.000
    0.00  4671.048    90.000   180.000
    0.00  4641.974    90.000   180.000
    0.00  4622.554    90.000   180.000
    0.00  4600.000    90.000   180.000
    0.00  4582.035    90.000   180.000
    0.00  4579.488    90.000   180.000
    0.00  4576.939    90.000   180.000
    0.00  4571.839    90.000   180.000
    0.00  4561.629    90.000   180.000
    0.00  4541.164    90.000   180.000
    0.00  4539.459    90.000   180.000
    0.00  4537.754    90.000   180.000
    0.00  4518.902    90.000   180.000
    0.00  4500.000    90.000   180.000
    0.00  4497.281    90.000   180.000
    0.00  4494.561    90.000   180.000
    0.00  4472.764    90.000   180.000
    0.00  4450.903    90.000   180.000
    0.00  4406.984    90.000   180.000
    0.00  4400.000    90.000   180.000
    0.00  4385.769    90.000   180.000
    0.00  4371.511    90.000   180.000
    0.00  4335.840    90.000   180.000
    0.00  4300.000    90.000   180.000
    0.00  4252.545    90.000   180.000
    0.00  4230.918    90.000   180.000
    0.00  4215.475    90.000   180.000
    0.00  4200.000    90.000   180.000
    0.00  4168.895    90.000   180.000
    0.00  4137.667    90.000   180.000
    0.00  4136.299    90.000   180.000
    0.00  4118.170    90.000   180.000
    0.00  4100.000    90.000   180.000
    0.00  4063.495    90.000   180.000
    0.00  4026.822    90.000   180.000
    0.00  4020.125    90.000   180.000
    0.00  4013.422    90.000   180.000
    0.00  4000.000    90.000   180.000
    0.00  3995.144    90.000   180.000
    0.00  3990.284    90.000   180.000
    0.00  3972.149    90.000   180.000
    0.00  3953.973    90.000   180.000
    0.00  3951.683    90.000   180.000
    0.00  3949.392    90.000   180.000
    0.00  3944.808    90.000   180.000
    0.00  3933.630    90.000   180.000
    0.00  3922.436    90.000   180.000
    0.00  3911.226    90.000   180.000
    0.00  3900.000    90.000   180.000
    0.00  3877.521    90.000   180.000
    0.00  3854.979    90.000   180.000
    0.00  3809.704    90.000   180.000
    0.00  3804.853    90.000   180.000
    0.00  3800.000    90.000   180.000
    0.00  3784.428    90.000   180.000
    0.00  3768.825    90.000   180.000
    0.00  3737.528    90.000   180.000
    0.00  3700.000    90.000   180.000
    0.00  3668.281    90.000   180.000
    0.00  3649.163    90.000   180.000
    0.00  3630.000    90.000   180.000
    0.00  3615.000    90.000   180.000
    0.00  3607.500    90.000   180.000
    0.00  3600.000    90.000   180.000
    0.00  3576.776    90.000   180.000
    0.00  3565.164    90.000   180.000
    0.00  3553.553    90.000   180.000
    0.00  3526.776    90.000   180.000
    0.00  3500.000    90.000   180.000
    0.00  3492.024    90.000   180.000
    0.00  3480.000    90.000   180.000
    0.00  3492.024    90.000   180.000
    0.00  3500.000    90.000   180.000
    0.00  3526.776    90.000   180.000
    0.00  3553.553    90.000   180.000
    0.00  3565.164    90.000   180.000
    0.00  3576.776    90.000   180.000
    0.00  3600.000    90.000   180.000
    0.00  3607.500    90.000   180.000
    0.00  3615.000    90.000   180.000
    0.00  3630.000    90.000   180.000
    0.00  3649.163    90.000   180.000
    0.00  3668.281    90.000   180.000
    0.00  3700.000    90.000   180.000
    0.00  3737.528    90.000   180.000
    0.00  3768.825    90.000   180.000
    0.00  3784.428    90.000   180.000
    0.00  3800.000    90.000   180.000
    0.00  3804.853    90.000   180.000
    0.00  3809.704    90.000   180.000
    0.00  3854.979    90.000   180.000
    0.00  3877.521    90.000   180.000
    0.00  3900.000    90.000   180.000
    0.00  3911.226    90.000   180.000
    0.00  3922.436    90.000   180.000
    0.00  3933.630    90.000   180.000
    0.00  3944.808    90.000   180.000
    0.00  3949.392    90.000   180.000
    0.00  3951.683    90.000   180.000
    0.00  3953.973    90.000   180.000
    0.00  3972.149    90.000   180.000
    0.00  3990.284    90.000   180.000
    0.00  3995.144    90.000   180.000
    0.00  4000.000    90.000   180.000
    0.00  4013.422    90.000   180.000
    0.00  4020.125    90.000   180.000
    0.00  4026.822    90.000   180.000
    0.00  4063.495    90.000   180.000
    0.00  4100.000    90.000   180.000
    0.00  4118.170    90.000   180.000
    0.00  4136.299    90.000   180.000
    0.00  4137.667    90.000   180.000
    0.00  4168.895    90.000   180.000
    0.00  4200.000    90.000   180.000
    0.00  4215.475    90.000   180.000
    0.00  4230.918    90.000   180.000
    0.00  4252.545    90.000   180.000
    0.00  4300.000    90.000   180.000
    0.00  4335.840    90.000   180.000
    0.00  4371.511    90.000   180.000
    0.00  4385.769    90.000   180.000
    0.00  4400.000    90.000   180.000
    0.00  4406.984    90.000   180.000
    0.00  4450.903    90.000   180.000
    0.00  4472.764    90.000   180.000
    0.00  4494.561    90.000   180.000
    0.00  4497.281    90.000   180.000
    0.00  4500.000    90.000   180.000
    0.00  4518.902    90.000   180.000
    0.00  4537.754    90.000   180.000
    0.00  4539.459    90.000   180.000
    0.00  4541.164    90.000   180.000
    0.00  4561.629    90.000   180.000
    0.00  4571.839    90.000   180.000
    0.00  4576.939    90.000   180.000
    0.00  4579.488    90.000   180.000
    0.00  4582.035    90.000   180.000
    0.00  4600.000    90.000   180.000
    0.00  4622.554    90.000   180.000
    0.00  4641.974    90.000   180.000
    0.00  4671.048    90.000   180.000
    0.00  4700.000    90.000   180.000
    0.00  4701.224    90.000   180.000
    0.00  4702.448    90.000   180.000
    0.00  4728.605    90.000   180.000
    0.00  4745.886    90.000   180.000
    0.00  4763.123    90.000   180.000
    0.00  4770.669    90.000   180.000
    0.00  4778.206    90.000   180.000
    0.00  4793.255    90.000   180.000
    0.00  4796.628    90.000   180.000
    0.00  4800.000    90.000   180.000
    0.00  4812.130    90.000   180.000
    0.00  4818.186    90.000   180.000
    0.00  4821.212    90.000   180.000
    0.00  4824.236    90.000   180.000
    0.00  4862.230    90.000   180.000
    0.00  4900.000    90.000   180.000
    0.00  4918.608    90.000   180.000
    0.00  4937.160    90.000   180.000
    0.00  4968.661    90.000   180.000
    0.00  4984.350    90.000   180.000
    0.00  5000.000    90.000   180.000
    0.00  5007.721    90.000   180.000
    0.00  5015.431    90.000   180.000
    0.00  5030.822    90.000   180.000
    0.00  5039.830    90.000   180.000
    0.00  5048.825    90.000   180.000
    0.00  5053.300    90.000   180.000
    0.00  5057.772    90.000   180.000
    0.00  5060.007    90.000   180.000
    0.00  5062.241    90.000   180.000
    0.00  5063.357    90.000   180.000
    0.00  5064.474    90.000   180.000
    0.00  5065.590    90.000   180.000
    0.00  5066.148    90.000   180.000
    0.00  5066.706    90.000   180.000
    0.00  5071.854    90.000   180.000
    0.00  5076.998    90.000   180.000
    0.00  5082.153    90.000   180.000
    0.00  5087.303    90.000   180.000
    0.00  5092.465    90.000   180.000
    0.00  5095.045    90.000   180.000
    0.00  5097.623    90.000   180.000
    0.00  5099.775    90.000   180.000
    0.00  5100.000    90.000   180.000
    0.00  5103.933    90.000   180.000
    0.00  5107.863    90.000   180.000
    0.00  5110.783    90.000   180.000
    0.00  5113.702    90.000   180.000
    0.00  5115.164    90.000   180.000
    0.00  5116.625    90.000   180.000
    0.00  5118.086    90.000   180.000
    0.00  5119.547    90.000   180.000
    0.00  5120.687    90.000   180.000
    0.00  5121.826    90.000   180.000
    0.00  5122.965    90.000   180.000
    0.00  5123.535    90.000   180.000
    0.00  5124.104    90.000   180.000
    0.00  5162.182    90.000   180.000
    0.00  5181.123    90.000   180.000
    0.00  5200.000    90.000   180.000
    0.00  5237.038    90.000   180.000
    0.00  5268.613    90.000   180.000
    0.00  5300.000    90.000   180.000
    0.00  5330.726    90.000   180.000
    0.00  5332.414    90.000   180.000
    0.00  5364.620    90.000   180.000
    0.00  5382.341    90.000   180.000
    0.00  5400.000    90.000   180.000
    0.00  5408.108    90.000   180.000
    0.00  5416.203    90.000   180.000
    0.00  5432.351    90.000   180.000
    0.00  5440.404    90.000   180.000
    0.00  5448.444    90.000   180.000
    0.00  5464.482    90.000   180.000
    0.00  5473.387    90.000   180.000
    0.00  5482.275    90.000   180.000
    0.00  5500.000    90.000   180.000
    0.00  5508.094    90.000   180.000
    0.00  5516.174    90.000   180.000
    0.00  5532.290    90.000   180.000
    0.00  5540.326    90.000   180.000
    0.00  5548.348    90.000   180.000
    0.00  5564.348    90.000   180.000
    0.00  5582.210    90.000   180.000
    0.00  5591.114    90.000   180.000
    0.00  5595.559    90.000   180.000
    0.00  5600.000    90.000   180.000
    0.00  5614.737    90.000   180.000
    0.00  5629.272    90.000   180.000
    0.00  5650.000    90.000   180.000
    0.00  5655.087    90.000   180.000
    0.00  5657.621    90.000   180.000
    0.00  5658.886    90.000   180.000
    0.00  5659.518    90.000   180.000
    0.00  5660.149    90.000   180.000
    0.00  5660.217    90.000   180.000
    0.00  5661.306    90.000   180.000
    0.00  5661.851    90.000   180.000
    0.00  5662.123    90.000   180.000
    0.00  5662.395    90.000   180.000
    0.00  5666.158    90.000   180.000
    0.00  5682.068    90.000   180.000
    0.00  5691.578    90.000   180.000
    0.00  5696.300    90.000   180.000
    0.00  5701.000    90.000   180.000
    0.00  5716.005    90.000   180.000
    0.00  5730.948    90.000   180.000
    0.00  5732.613    90.000   180.000
    0.00  5734.277    90.000   180.000
    0.00  5736.000    90.000   180.000
    0.00  5753.373    90.000   180.000
    0.00  5760.648    90.000   180.000
    0.00  5767.247    90.000   180.000
    0.00  5771.000    90.000   180.000
    0.00  5778.745    90.000   180.000
    0.00  5779.515    90.000   180.000
    0.00  5783.878    90.000   180.000
    0.00  5792.477    90.000   180.000
    0.00  5798.210    90.000   180.000
    0.00  5812.324    90.000   180.000
    0.00  5821.000    90.000   180.000
    0.00  5833.091    90.000   180.000
    0.00  5834.663    90.000   180.000
    0.00  5835.449    90.000   180.000
    0.00  5835.841    90.000   180.000
    0.00  5836.234    90.000   180.000
    0.00  5837.873    90.000   180.000
    0.00  5838.692    90.000   180.000
    0.00  5839.101    90.000   180.000
    0.00  5839.305    90.000   180.000
    0.00  5839.509    90.000   180.000
    0.00  5843.756    90.000   180.000
    0.00  5845.024    90.000   180.000
    0.00  5856.802    90.000   180.000
    0.00  5871.000    90.000   180.000
    0.00  5881.256    90.000   180.000
    0.00  5891.396    90.000   180.000
    0.00  5906.323    90.000   180.000
    0.00  5921.000    90.000   180.000
    0.00  5927.055    90.000   180.000
    0.00  5933.069    90.000   180.000
    0.00  5944.971    90.000   180.000
    0.00  5956.711    90.000   180.000
    0.00  5963.886    90.000   180.000
    0.00  5971.000    90.000   180.000
    0.00  5984.098    90.000   180.000
    0.00  5997.146    90.000   180.000
    0.00  6006.586    90.000   180.000
    0.00  6016.000    90.000   180.000
    0.00  6023.091    90.000   180.000
    0.00  6038.275    90.000   180.000
    0.00  6048.835    90.000   180.000
    0.00  6061.000    90.000   180.000
    0.00  6072.157    90.000   180.000
    0.00  6083.276    90.000   180.000
    0.00  6088.972    90.000   180.000
    0.00  6094.657    90.000   180.000
    0.00  6106.000    90.000   180.000
    0.00  6111.584    90.000   180.000
    0.00  6117.158    90.000   180.000
    0.00  6128.278    90.000   180.000
    0.00  6133.973    90.000   180.000
    0.00  6139.659    90.000   180.000
    0.00  6145.334    90.000   180.000
    0.00  6148.168    90.000   180.000
    0.00  6151.000    90.000   180.000
    0.00  6168.476    90.000   180.000
    0.00  6186.000    90.000   180.000
    0.00  6203.475    90.000   180.000
    0.00  6221.000    90.000   180.000
    0.00  6235.981    90.000   180.000
    0.00  6245.982    90.000   180.000
    0.00  6256.000    90.000   180.000
    0.00  6264.731    90.000   180.000
    0.00  6273.474    90.000   180.000
    0.00  6282.231    90.000   180.000
    0.00  6291.000    90.000   180.000
    0.00  6300.991    90.000   180.000
    0.00  6311.000    90.000   180.000
    0.00  6319.162    90.000   180.000
    0.00  6323.247    90.000   180.000
    0.00  6327.335    90.000   180.000
    0.00  6331.000    90.000   180.000
    0.00  6334.896    90.000   180.000
    0.00  6338.795    90.000   180.000
    0.00  6342.696    90.000   180.000
    0.00  6344.648    90.000   180.000
    0.00  6346.600    90.000   180.000
    0.00  6351.300    90.000   180.000
    0.00  6353.650    90.000   180.000
    0.00  6354.825    90.000   180.000
    0.00  6356.000    90.000   180.000
    0.00  6363.500    90.000   180.000
    0.00  6367.250    90.000   180.000
    0.00  6369.125    90.000   180.000
    0.00  6370.062    90.000   180.000
    0.00  6371.000    90.000   180.000
