     1    011288A    HRV     -28.706  -177.452    26.800    42.506   -71.558     0.200  2198.220  2204.082     5.862
     2    061988A    HRV      12.402   121.065    17.000    42.506   -71.558     0.200  2248.741  2247.091    -1.650
     3    061988A    PAS      12.402   121.065    17.000    34.148  -118.171     0.314  2027.646  2030.654     3.008
     4    070488A    INU     -17.681   -71.751    20.000    35.350   137.029     0.132  2546.390  2548.621     2.232
     5    101088A    HRV     -28.586  -177.570    28.000    42.506   -71.558     0.200  2198.201  2204.090     5.889
     6    111788A    HRV      12.374   124.562    19.000    42.506   -71.558     0.200  2239.054  2238.336    -0.718
     7    031089A    COL     -13.697    34.445    30.000    64.900  -147.793     0.320  2306.600  2301.673    -4.927
     8    031089A    HRV     -13.697    34.445    30.000    42.506   -71.558     0.200  2077.530  2073.927    -3.603
     9    041589A    PAS      29.973    99.230    21.400    34.148  -118.171     0.314  2023.508  2025.397     1.889
    10    053189A    HRV     -45.161   167.076    13.800    42.506   -71.558     0.200  2428.550  2435.330     6.780
    11    053189A    OBN     -45.161   167.076    13.800    55.115    36.567     0.160  2531.853  2530.414    -1.439
    12    053189A    SSB     -45.161   167.076    13.800    45.279     4.542     0.700  2746.633  2742.165    -4.468
    13    080389A    PAS      23.050   121.931    11.000    34.148  -118.171     0.314  1921.666  1925.458     3.792
    14    091389A    CAN     -35.625   -17.419    12.000   -35.319   148.996     0.700  2041.207  2038.106    -3.101
    15    092289A    PAS      31.537   102.448     4.500    34.148  -118.171     0.314  1989.987  1992.190     2.203
    16    101789A    HRV      -4.004   152.425    23.500    42.506   -71.558     0.200  2263.661  2267.276     3.615
    17    101889A    CAN      37.061  -121.789     7.600   -35.319   148.996     0.700  2068.038  2076.780     8.742
    18    110389A    HRV      -1.279   148.715    17.000    42.506   -71.558     0.200  2265.981  2267.210     1.229
    19    110389A    OBN      -1.279   148.715    17.000    55.115    36.567     0.160  1980.160  1975.704    -4.456
    20    020890A    ANMO      9.747   124.703     0.800    34.946  -106.457     1.750  2128.315  2130.535     2.220
    21    020890A    CCM       9.747   124.703     0.800    38.056   -91.245     0.172  2224.835  2221.196    -3.639
    22    020890A    HRV       9.747   124.703     0.800    42.506   -71.558     0.200  2275.381  2274.433    -0.948
    23    021090A    ANMO    -42.328   172.782     0.400    34.946  -106.457     1.750  2028.534  2038.167     9.632
    24    021090A    CCM     -42.328   172.782     0.400    38.056   -91.245     0.172  2183.083  2186.656     3.573
    25    021090A    HRV     -42.328   172.782     0.400    42.506   -71.558     0.200  2374.924  2380.327     5.403
    26    032590A    CAN       9.959   -84.782    22.000   -35.319   148.996     0.700  2262.726  2272.010     9.284
    27    032590A    INU       9.959   -84.782    22.000    35.350   137.029     0.132  2196.792  2204.722     7.930
    28    050890A    INU       6.896   -82.635     9.600    35.350   137.029     0.132  2247.612  2255.842     8.230
    29    050890A    WUS       6.896   -82.635     9.600    41.199    79.218     1.457  2315.500  2313.474    -2.027
    30    053090A    ERM      -6.031   -77.214     2.500    42.015   143.157     0.040  2319.823  2324.577     4.754
    31    053090A    INU      -6.031   -77.214     2.500    35.350   137.029     0.132  2413.138  2417.394     4.257
    32    060790A    ANMO     -3.533   144.452    29.300    34.946  -106.457     1.750  2033.159  2040.934     7.776
    33    060790A    CCM      -3.533   144.452    29.300    38.056   -91.245     0.172  2180.251  2180.689     0.437
    34    060790A    UNM      -3.533   144.452    29.300    19.330   -99.178     2.280  2144.818  2152.569     7.751
    35    061490A    ANMO     11.667   122.003    18.100    34.946  -106.457     1.750  2129.009  2132.998     3.990
    36    061490A    CCM      11.667   122.003    18.100    38.056   -91.245     0.172  2216.971  2215.817    -1.154
    37    061490A    HRV      11.667   122.003    18.100    42.506   -71.558     0.200  2255.205  2254.033    -1.172
    38    061490A    VSL      11.667   122.003    18.100    39.496     9.378     0.370  1921.582  1919.825    -1.757
    39    061790A    COR      27.448    65.741    14.500    44.586  -123.305     0.110  2034.621  2037.658     3.036
    40    061790A    PAS      27.448    65.741    14.500    34.148  -118.171     0.314  2177.813  2183.692     5.879
    41    062390A    ANMO     -0.604   146.470    23.900    34.946  -106.457     1.750  1989.109  1995.637     6.528
    42    062390A    CCM      -0.604   146.470    23.900    38.056   -91.245     0.172  2136.276  2136.225    -0.051
    43    062390A    OBN      -0.604   146.470    23.900    55.115    36.567     0.160  1953.716  1948.371    -5.344
    44    070990A    CCM       5.401    31.667    12.600    38.056   -91.245     0.172  2090.109  2087.883    -2.226
    45    070990A    UNM       5.401    31.667    12.600    19.330   -99.178     2.280  2272.266  2275.572     3.306
    46    071690A    UNM      15.698   121.221    25.100    19.330   -99.178     2.280  2285.981  2287.384     1.403
    47    071790A    HRV      16.452   121.089    29.700    42.506   -71.558     0.200  2195.030  2193.317    -1.713
    48    082590A    ANMO      0.544   126.070     2.200    34.946  -106.457     1.750  2197.345  2199.422     2.077
    49    082590A    PAS       0.544   126.070     2.200    34.148  -118.171     0.314  2081.726  2086.670     4.944
    50    090290A    CAN      -0.129   -80.285     7.800   -35.319   148.996     0.700  2228.707  2235.581     6.874
    51    090290A    ERM      -0.129   -80.285     7.800    42.015   143.157     0.040  2236.851  2245.690     8.839
    52    091490A    ALE     -60.772   -22.910    15.000    82.503   -62.350     0.060  2498.935  2499.500     0.565
    53    091490A    COR     -60.772   -22.910    15.000    44.586  -123.305     0.110  2355.359  2360.103     4.743
    54    091490A    ERM     -60.772   -22.910    15.000    42.015   143.157     0.040  2660.750  2659.808    -0.942
    55    091490A    KIP     -60.772   -22.910    15.000    21.420  -158.011     0.077  2323.090  2333.851    10.761
    56    091490A    PAS     -60.772   -22.910    15.000    34.148  -118.171     0.314  2223.273  2227.507     4.233
