    0.00    6371.0      0.00      0.00
    0.00    6370.1      0.00      0.00
    0.01    6369.1      0.00      0.01
    0.01    6367.2      0.00      0.01
    0.03    6363.5      0.00      0.03
    0.05    6356.0      0.00      0.05
    0.06    6354.8      0.00      0.06
    0.06    6353.7      0.00      0.06
    0.08    6351.3      0.00      0.08
    0.10    6346.6      0.00      0.10
    0.11    6344.6      0.00      0.11
    0.12    6342.7      0.00      0.12
    0.14    6338.8      0.00      0.14
    0.16    6334.9      0.00      0.16
    0.18    6331.0      0.00      0.18
    0.20    6327.3      0.00      0.20
    0.23    6323.2      0.00      0.23
    0.25    6319.2      0.00      0.25
    0.29    6311.0      0.00      0.29
    0.35    6301.0      0.00      0.35
    0.41    6291.0      0.00      0.41
    0.45    6282.2      0.00      0.45
    0.50    6273.5      0.00      0.50
    0.55    6264.7      0.00      0.55
    0.60    6256.0      0.00      0.60
    0.66    6246.0      0.00      0.66
    0.71    6236.0      0.00      0.71
    0.80    6221.0      0.00      0.80
    0.90    6203.5      0.00      0.90
    1.00    6186.0      0.00      1.00
    1.10    6168.5      0.00      1.10
    1.20    6151.0      0.00      1.20
    1.22    6148.2      0.00      1.22
    1.24    6145.3      0.00      1.24
    1.27    6139.7      0.00      1.27
    1.31    6134.0      0.00      1.31
    1.34    6128.3      0.00      1.34
    1.41    6117.2      0.00      1.41
    1.45    6111.6      0.00      1.45
    1.49    6106.0      0.00      1.49
    1.56    6094.7      0.00      1.56
    1.60    6089.0      0.00      1.60
    1.63    6083.3      0.00      1.63
    1.70    6072.2      0.00      1.70
    1.78    6061.0      0.00      1.78
    1.86    6048.8      0.00      1.86
    1.93    6038.3      0.00      1.93
    2.03    6023.1      0.00      2.03
    2.08    6016.0      0.00      2.08
    2.14    6006.6      0.00      2.14
    2.21    5997.1      0.00      2.21
    2.30    5984.1      0.00      2.30
    2.39    5971.0      0.00      2.39
    2.44    5963.9      0.00      2.44
    2.49    5956.7      0.00      2.49
    2.58    5945.0      0.00      2.58
    2.67    5933.1      0.00      2.67
    2.72    5927.1      0.00      2.72
    2.77    5921.0      0.00      2.77
    2.88    5906.3      0.00      2.88
    3.01    5891.4      0.00      3.01
    3.09    5881.3      0.00      3.09
    3.18    5871.0      0.00      3.18
    3.30    5856.8      0.00      3.30
    3.40    5845.0      0.00      3.40
    3.41    5843.8      0.00      3.41
    3.45    5839.5      0.00      3.45
    3.45    5839.3      0.00      3.45
    3.45    5839.1      0.00      3.45
    3.46    5838.7      0.00      3.46
    3.46    5837.9      0.00      3.46
    3.48    5836.2      0.00      3.48
    3.48    5835.8      0.00      3.48
    3.48    5835.4      0.00      3.48
    3.49    5834.7      0.00      3.49
    3.51    5833.1      0.00      3.51
    3.61    5821.0      0.00      3.61
    3.69    5812.3      0.00      3.69
    3.83    5798.2      0.00      3.83
    3.88    5792.5      0.00      3.88
    3.96    5783.9      0.00      3.96
    4.00    5779.5      0.00      4.00
    4.01    5778.7      0.00      4.01
    4.09    5771.0      0.00      4.09
    4.12    5767.2      0.00      4.12
    4.19    5760.6      0.00      4.19
    4.26    5753.4      0.00      4.26
    4.44    5736.0      0.00      4.44
    4.45    5734.3      0.00      4.45
    4.47    5732.6      0.00      4.47
    4.49    5730.9      0.00      4.49
    4.64    5716.0      0.00      4.64
    4.80    5701.0      0.00      4.80
    4.85    5696.3      0.00      4.85
    4.91    5691.6      0.00      4.91
    5.03    5682.1      0.00      5.03
    5.23    5666.2      0.00      5.23
    5.28    5662.4      0.00      5.28
    5.28    5662.1      0.00      5.28
    5.28    5661.9      0.00      5.28
    5.29    5661.3      0.00      5.29
    5.30    5660.2      0.00      5.30
    5.31    5660.1      0.00      5.31
    5.31    5659.5      0.00      5.31
    5.32    5658.9      0.00      5.32
    5.34    5657.6      0.00      5.34
    5.37    5655.1      0.00      5.37
    5.44    5650.0      0.00      5.44
    5.72    5629.3      0.00      5.72
    5.92    5614.7      0.00      5.92
    6.13    5600.0      0.00      6.13
    6.20    5595.6      0.00      6.20
    6.27    5591.1      0.00      6.27
    6.40    5582.2      0.00      6.40
    6.67    5564.3      0.00      6.67
    6.91    5548.3      0.00      6.91
    7.04    5540.3      0.00      7.04
    7.16    5532.3      0.00      7.16
    7.42    5516.2      0.00      7.42
    7.55    5508.1      0.00      7.55
    7.69    5500.0      0.00      7.69
    7.98    5482.3      0.00      7.98
    8.13    5473.4      0.00      8.13
    8.28    5464.5      0.00      8.28
    8.56    5448.4      0.00      8.56
    8.70    5440.4      0.00      8.70
    8.84    5432.4      0.00      8.84
    9.13    5416.2      0.00      9.13
    9.28    5408.1      0.00      9.28
    9.43    5400.0      0.00      9.43
    9.77    5382.3      0.00      9.77
   10.11    5364.6      0.00     10.11
   10.76    5332.4      0.00     10.76
   10.79    5330.7      0.00     10.79
   11.44    5300.0      0.00     11.44
   12.14    5268.6      0.00     12.14
   12.88    5237.0      0.00     12.88
   13.80    5200.0      0.00     13.80
   14.30    5181.1      0.00     14.30
   14.82    5162.2      0.00     14.82
   15.38    5143.1      0.00     15.38
   15.95    5124.1      0.00     15.95
   15.96    5123.5      0.00     15.96
   15.98    5123.0      0.00     15.98
   16.02    5121.8      0.00     16.02
   16.05    5120.7      0.00     16.05
   16.09    5119.5      0.00     16.09
   16.13    5118.1      0.00     16.13
   16.18    5116.6      0.00     16.18
   16.23    5115.2      0.00     16.23
   16.27    5113.7      0.00     16.27
   16.37    5110.8      0.00     16.37
   16.46    5107.9      0.00     16.46
   16.59    5103.9      0.00     16.59
   16.72    5100.0      0.00     16.72
   16.72    5099.8      0.00     16.72
   16.80    5097.6      0.00     16.80
   16.88    5095.0      0.00     16.88
   16.97    5092.5      0.00     16.97
   17.15    5087.3      0.00     17.15
   17.32    5082.2      0.00     17.32
   17.51    5077.0      0.00     17.51
   17.69    5071.9      0.00     17.69
   17.88    5066.7      0.00     17.88
   17.90    5066.1      0.00     17.90
   17.92    5065.6      0.00     17.92
   17.96    5064.5      0.00     17.96
   18.00    5063.4      0.00     18.00
   18.04    5062.2      0.00     18.04
   18.13    5060.0      0.00     18.13
   18.21    5057.8      0.00     18.21
   18.38    5053.3      0.00     18.38
   18.56    5048.8      0.00     18.56
   18.92    5039.8      0.00     18.92
   19.29    5030.8      0.00     19.29
   19.97    5015.4      0.00     19.97
   20.32    5007.7      0.00     20.32
   20.70    5000.0      0.00     20.70
   21.51    4984.4      0.00     21.51
   22.42    4968.7      0.00     22.42
   23.18    4958.2      0.00     23.18
   23.94    4947.7      0.00     23.94
   24.71    4937.2      0.00     24.71
   25.40    4931.0      0.00     25.40
   26.09    4924.8      0.00     26.09
   26.77    4918.6      0.00     26.77
   27.58    4915.9      0.00     27.58
   28.39    4913.1      0.00     28.39
   29.19    4910.4      0.00     29.19
   30.00    4907.7      0.00     30.00
   30.81    4910.4      0.00     30.81
   31.62    4913.1      0.00     31.62
   32.42    4915.9      0.00     32.42
   33.23    4918.6      0.00     33.23
   33.92    4924.8      0.00     33.92
   34.61    4931.0      0.00     34.61
   35.29    4937.2      0.00     35.29
   36.06    4947.7      0.00     36.06
   36.82    4958.2      0.00     36.82
   37.59    4968.7      0.00     37.59
   38.50    4984.4      0.00     38.50
   39.31    5000.0      0.00     39.31
   39.68    5007.7      0.00     39.68
   40.04    5015.4      0.00     40.04
   40.71    5030.8      0.00     40.71
   41.09    5039.8      0.00     41.09
   41.45    5048.8      0.00     41.45
   41.62    5053.3      0.00     41.62
   41.79    5057.8      0.00     41.79
   41.88    5060.0      0.00     41.88
   41.96    5062.2      0.00     41.96
   42.00    5063.4      0.00     42.00
   42.04    5064.5      0.00     42.04
   42.09    5065.6      0.00     42.09
   42.11    5066.1      0.00     42.11
   42.13    5066.7      0.00     42.13
   42.31    5071.9      0.00     42.31
   42.50    5077.0      0.00     42.50
   42.68    5082.2      0.00     42.68
   42.86    5087.3      0.00     42.86
   43.03    5092.5      0.00     43.03
   43.12    5095.0      0.00     43.12
   43.21    5097.6      0.00     43.21
   43.28    5099.8      0.00     43.28
   43.29    5100.0      0.00     43.29
   43.42    5103.9      0.00     43.42
   43.54    5107.9      0.00     43.54
   43.64    5110.8      0.00     43.64
   43.73    5113.7      0.00     43.73
   43.78    5115.2      0.00     43.78
   43.82    5116.6      0.00     43.82
   43.87    5118.1      0.00     43.87
   43.92    5119.5      0.00     43.92
   43.95    5120.7      0.00     43.95
   43.99    5121.8      0.00     43.99
   44.02    5123.0      0.00     44.02
   44.04    5123.5      0.00     44.04
   44.06    5124.1      0.00     44.06
   44.62    5143.1      0.00     44.62
   45.18    5162.2      0.00     45.18
   45.70    5181.1      0.00     45.70
   46.20    5200.0      0.00     46.20
   47.13    5237.0      0.00     47.13
   47.87    5268.6      0.00     47.87
   48.56    5300.0      0.00     48.56
   49.21    5330.7      0.00     49.21
   49.25    5332.4      0.00     49.25
   49.89    5364.6      0.00     49.89
   50.24    5382.3      0.00     50.24
   50.57    5400.0      0.00     50.57
   50.72    5408.1      0.00     50.72
   50.87    5416.2      0.00     50.87
   51.16    5432.4      0.00     51.16
   51.30    5440.4      0.00     51.30
   51.45    5448.4      0.00     51.45
   51.72    5464.5      0.00     51.72
   51.87    5473.4      0.00     51.87
   52.02    5482.3      0.00     52.02
   52.32    5500.0      0.00     52.32
   52.45    5508.1      0.00     52.45
   52.58    5516.2      0.00     52.58
   52.84    5532.3      0.00     52.84
   52.97    5540.3      0.00     52.97
   53.09    5548.3      0.00     53.09
   53.34    5564.3      0.00     53.34
   53.61    5582.2      0.00     53.61
   53.74    5591.1      0.00     53.74
   53.80    5595.6      0.00     53.80
   53.87    5600.0      0.00     53.87
   54.08    5614.7      0.00     54.08
   54.29    5629.3      0.00     54.29
   54.57    5650.0      0.00     54.57
   54.63    5655.1      0.00     54.63
   54.67    5657.6      0.00     54.67
   54.68    5658.9      0.00     54.68
   54.69    5659.5      0.00     54.69
   54.70    5660.1      0.00     54.70
   54.70    5660.2      0.00     54.70
   54.71    5661.3      0.00     54.71
   54.72    5661.9      0.00     54.72
   54.72    5662.1      0.00     54.72
   54.73    5662.4      0.00     54.73
   54.78    5666.2      0.00     54.78
   54.98    5682.1      0.00     54.98
   55.09    5691.6      0.00     55.09
   55.15    5696.3      0.00     55.15
   55.21    5701.0      0.00     55.21
   55.36    5716.0      0.00     55.36
   55.52    5730.9      0.00     55.52
   55.53    5732.6      0.00     55.53
   55.55    5734.3      0.00     55.55
   55.57    5736.0      0.00     55.57
   55.74    5753.4      0.00     55.74
   55.81    5760.6      0.00     55.81
   55.88    5767.2      0.00     55.88
   55.92    5771.0      0.00     55.92
   55.99    5778.7      0.00     55.99
   56.00    5779.5      0.00     56.00
   56.04    5783.9      0.00     56.04
   56.12    5792.5      0.00     56.12
   56.18    5798.2      0.00     56.18
   56.31    5812.3      0.00     56.31
   56.39    5821.0      0.00     56.39
   56.50    5833.1      0.00     56.50
   56.51    5834.7      0.00     56.51
   56.52    5835.4      0.00     56.52
   56.52    5835.8      0.00     56.52
   56.53    5836.2      0.00     56.53
   56.54    5837.9      0.00     56.54
   56.55    5838.7      0.00     56.55
   56.55    5839.1      0.00     56.55
   56.55    5839.3      0.00     56.55
   56.56    5839.5      0.00     56.56
   56.59    5843.8      0.00     56.59
   56.60    5845.0      0.00     56.60
   56.71    5856.8      0.00     56.71
   56.83    5871.0      0.00     56.83
   56.91    5881.3      0.00     56.91
   57.00    5891.4      0.00     57.00
   57.12    5906.3      0.00     57.12
   57.24    5921.0      0.00     57.24
   57.28    5927.1      0.00     57.28
   57.33    5933.1      0.00     57.33
   57.42    5945.0      0.00     57.42
   57.51    5956.7      0.00     57.51
   57.56    5963.9      0.00     57.56
   57.62    5971.0      0.00     57.62
   57.71    5984.1      0.00     57.71
   57.80    5997.1      0.00     57.80
   57.86    6006.6      0.00     57.86
   57.93    6016.0      0.00     57.93
   57.97    6023.1      0.00     57.97
   58.08    6038.3      0.00     58.08
   58.15    6048.8      0.00     58.15
   58.23    6061.0      0.00     58.23
   58.30    6072.2      0.00     58.30
   58.37    6083.3      0.00     58.37
   58.41    6089.0      0.00     58.41
   58.45    6094.7      0.00     58.45
   58.52    6106.0      0.00     58.52
   58.55    6111.6      0.00     58.55
   58.59    6117.2      0.00     58.59
   58.66    6128.3      0.00     58.66
   58.70    6134.0      0.00     58.70
   58.73    6139.7      0.00     58.73
   58.77    6145.3      0.00     58.77
   58.78    6148.2      0.00     58.78
   58.80    6151.0      0.00     58.80
   58.90    6168.5      0.00     58.90
   59.00    6186.0      0.00     59.00
   59.10    6203.5      0.00     59.10
   59.20    6221.0      0.00     59.20
   59.29    6236.0      0.00     59.29
   59.35    6246.0      0.00     59.35
   59.40    6256.0      0.00     59.40
   59.45    6264.7      0.00     59.45
   59.50    6273.5      0.00     59.50
   59.55    6282.2      0.00     59.55
   59.60    6291.0      0.00     59.60
   59.65    6301.0      0.00     59.65
   59.71    6311.0      0.00     59.71
   59.76    6319.2      0.00     59.76
   59.78    6323.2      0.00     59.78
   59.80    6327.3      0.00     59.80
   59.82    6331.0      0.00     59.82
   59.84    6334.9      0.00     59.84
   59.86    6338.8      0.00     59.86
   59.89    6342.7      0.00     59.89
   59.90    6344.6      0.00     59.90
   59.91    6346.6      0.00     59.91
   59.93    6351.3      0.00     59.93
   59.94    6353.7      0.00     59.94
   59.94    6354.8      0.00     59.94
   59.95    6356.0      0.00     59.95
   59.98    6363.5      0.00     59.98
   59.99    6367.2      0.00     59.99
   60.00    6369.1      0.00     60.00
   60.00    6370.1      0.00     60.00
   60.00    6371.0      0.00     60.00
